01 0 0 200000 #3eb3cd
01 0 200001 400000 #4BA5C8
01 0 400001 600000 #4BA5C8
01 0 600001 800000 #4BA5C8
01 0 800001 1000000 #4BA5C8
01 0 1000001 1200000 #4BA5C8
01 0 1200001 1400000 #4BA5C8
01 0 1400001 1600000 #4BA5C8
01 0 1600001 1800000 #4BA5C8
01 0 1800001 2000000 #4BA5C8
01 0 2000001 2200000 #4BA5C8
01 0 2200001 2400000 #4BA5C8
01 0 2400001 2600000 #4BA5C8
01 0 2600001 2800000 #4BA5C8
01 0 2800001 3000000 #4BA5C8
01 0 3000001 3200000 #75d8a9
01 0 3200001 3400000 #90d691
01 0 3400001 3600000 #4BA5C8
01 0 3600001 3800000 #3eb3cd
01 0 3800001 4000000 #4BA5C8
01 0 4000001 4200000 #4BA5C8
01 0 4200001 4400000 #4BA5C8
01 0 4400001 4600000 #4BA5C8
01 0 4600001 4800000 #4BA5C8
01 0 4800001 5000000 #4BA5C8
01 0 5000001 5200000 #4BA5C8
01 0 5200001 5400000 #4BA5C8
01 0 5400001 5600000 #4BA5C8
01 0 5600001 5800000 #4BA5C8
01 0 5800001 6000000 #4BA5C8
01 0 6000001 6200000 #4BA5C8
01 0 6200001 6400000 #4BA5C8
01 0 6400001 6600000 #4BA5C8
01 0 6600001 6800000 #4BA5C8
01 0 6800001 7000000 #4BA5C8
01 0 7000001 7200000 #4BA5C8
01 0 7200001 7400000 #4BA5C8
01 0 7400001 7600000 #4BA5C8
01 0 7600001 7800000 #4BA5C8
01 0 7800001 8000000 #4BA5C8
01 0 8000001 8200000 #4BA5C8
01 0 8200001 8400000 #4BA5C8
01 0 8400001 8600000 #4BA5C8
01 0 8600001 8800000 #4BA5C8
01 0 8800001 9000000 #4BA5C8
01 0 9000001 9200000 #4BA5C8
01 0 9200001 9400000 #4BA5C8
01 0 9400001 9600000 #4BA5C8
01 0 9600001 9800000 #4BA5C8
01 0 9800001 10000000 #4BA5C8
01 0 10000001 10200000 #4BA5C8
01 0 10200001 10400000 #4BA5C8
01 0 10400001 10600000 #4BA5C8
01 0 10600001 10800000 #4BA5C8
01 0 10800001 11000000 #4BA5C8
01 0 11000001 11200000 #4BA5C8
01 0 11200001 11400000 #4BA5C8
01 0 11400001 11600000 #4BA5C8
01 0 11600001 11800000 #4BA5C8
01 0 11800001 12000000 #4BA5C8
01 0 12000001 12200000 #4BA5C8
01 0 12200001 12400000 #4BA5C8
01 0 12400001 12600000 #4BA5C8
01 0 12600001 12800000 #4BA5C8
01 0 12800001 13000000 #4BA5C8
01 0 13000001 13200000 #4BA5C8
01 0 13200001 13400000 #4BA5C8
01 0 13400001 13600000 #4BA5C8
01 0 13600001 13800000 #4BA5C8
01 0 13800001 14000000 #4BA5C8
01 0 14000001 14200000 #4BA5C8
01 0 14200001 14400000 #4BA5C8
01 0 14400001 14600000 #4BA5C8
01 0 14600001 14800000 #4BA5C8
01 0 14800001 15000000 #4BA5C8
01 0 15000001 15200000 #4BA5C8
01 0 15200001 15400000 #4BA5C8
01 0 15400001 15600000 #4BA5C8
01 0 15600001 15800000 #4BA5C8
01 0 15800001 16000000 #4BA5C8
01 0 16000001 16200000 #4BA5C8
01 0 16200001 16400000 #4BA5C8
01 0 16400001 16600000 #4BA5C8
01 0 16600001 16800000 #4BA5C8
01 0 16800001 17000000 #4BA5C8
01 0 17000001 17200000 #4BA5C8
01 0 17200001 17400000 #4BA5C8
01 0 17400001 17600000 #4BA5C8
01 0 17600001 17800000 #4BA5C8
01 0 17800001 18000000 #4BA5C8
01 0 18000001 18200000 #4BA5C8
01 0 18200001 18400000 #4BA5C8
01 0 18400001 18600000 #4BA5C8
01 0 18600001 18800000 #4BA5C8
02 0 0 200000 #4BA5C8
02 0 0 400000 #4BA5C8
02 0 400001 600000 #4BA5C8
02 0 600001 800000 #4BA5C8
02 0 800001 1000000 #3ac0cd
02 0 1000001 1200000 #4BA5C8
02 0 1200001 1400000 #4BA5C8
02 0 1400001 1600000 #4BA5C8
02 0 1600001 1800000 #4BA5C8
02 0 1800001 2000000 #4BA5C8
02 0 2000001 2200000 #4BA5C8
02 0 2200001 2400000 #4BA5C8
02 0 2400001 2600000 #4BA5C8
02 0 2600001 2800000 #4BA5C8
02 0 2800001 3000000 #46cdc9
02 0 3000001 3200000 #f97171
02 0 3200001 3400000 #3eb3cd
02 0 3400001 3600000 #4BA5C8
02 0 3600001 3800000 #4BA5C8
02 0 3800001 4000000 #4BA5C8
02 0 4000001 4200000 #4BA5C8
02 0 4200001 4400000 #4BA5C8
02 0 4400001 4600000 #4BA5C8
02 0 4600001 4800000 #4BA5C8
02 0 4800001 5000000 #4BA5C8
02 0 5000001 5200000 #4BA5C8
02 0 5200001 5400000 #4BA5C8
02 0 5400001 5600000 #4BA5C8
02 0 5600001 5800000 #4BA5C8
02 0 5800001 6000000 #4BA5C8
02 0 6000001 6200000 #4BA5C8
02 0 6200001 6400000 #4BA5C8
02 0 6400001 6600000 #4BA5C8
02 0 6600001 6800000 #4BA5C8
02 0 6800001 7000000 #4BA5C8
02 0 7000001 7200000 #4BA5C8
02 0 7200001 7400000 #4BA5C8
02 0 7400001 7600000 #3eb3cd
02 0 7600001 7800000 #4BA5C8
02 0 7800001 8000000 #4BA5C8
02 0 8000001 8200000 #4BA5C8
02 0 8200001 8400000 #4BA5C8
02 0 8400001 8600000 #4BA5C8
02 0 8600001 8800000 #4BA5C8
02 0 8800001 9000000 #4BA5C8
02 0 9000001 9200000 #4BA5C8
02 0 9200001 9400000 #4BA5C8
02 0 9400001 9600000 #4BA5C8
02 0 9600001 9800000 #4BA5C8
02 0 9800001 10000000 #4BA5C8
02 0 10000001 10200000 #4BA5C8
02 0 10200001 10400000 #4BA5C8
02 0 10400001 10600000 #4BA5C8
02 0 10600001 10800000 #4BA5C8
02 0 10800001 11000000 #4BA5C8
02 0 11000001 11200000 #4BA5C8
02 0 11200001 11400000 #4BA5C8
02 0 11400001 11600000 #4BA5C8
02 0 11600001 11800000 #4BA5C8
02 0 11800001 12000000 #4BA5C8
02 0 12000001 12200000 #4BA5C8
02 0 12200001 12400000 #4BA5C8
02 0 12400001 12600000 #4BA5C8
02 0 12600001 12800000 #4BA5C8
02 0 12800001 13000000 #4BA5C8
02 0 13000001 13200000 #4BA5C8
02 0 13200001 13400000 #4BA5C8
02 0 13400001 13600000 #4BA5C8
02 0 13600001 13800000 #4BA5C8
02 0 13800001 14000000 #4BA5C8
02 0 14000001 14200000 #4BA5C8
02 0 14200001 14400000 #4BA5C8
02 0 14400001 14600000 #4BA5C8
02 0 14600001 14800000 #4BA5C8
02 0 14800001 15000000 #4BA5C8
02 0 15000001 15200000 #4BA5C8
02 0 15200001 15400000 #4BA5C8
02 0 15400001 15600000 #4BA5C8
02 0 15600001 15800000 #4BA5C8
02 0 15800001 16000000 #4BA5C8
02 0 16000001 16200000 #4BA5C8
03 0 0 200000 #4BA5C8
03 0 0 400000 #4BA5C8
03 0 400001 600000 #4BA5C8
03 0 600001 800000 #4BA5C8
03 0 800001 1000000 #4BA5C8
03 0 1000001 1200000 #4BA5C8
03 0 1200001 1400000 #4BA5C8
03 0 1400001 1600000 #4BA5C8
03 0 1600001 1800000 #4BA5C8
03 0 1800001 2000000 #4BA5C8
03 0 2000001 2200000 #4BA5C8
03 0 2200001 2400000 #4BA5C8
03 0 2400001 2600000 #4BA5C8
03 0 2600001 2800000 #4BA5C8
03 0 2800001 3000000 #4BA5C8
03 0 3000001 3200000 #4BA5C8
03 0 3200001 3400000 #4BA5C8
03 0 3400001 3600000 #4BA5C8
03 0 3600001 3800000 #4BA5C8
03 0 3800001 4000000 #4BA5C8
03 0 4000001 4200000 #4BA5C8
03 0 4200001 4400000 #4BA5C8
03 0 4400001 4600000 #4BA5C8
03 0 4600001 4800000 #4BA5C8
03 0 4800001 5000000 #4BA5C8
03 0 5000001 5200000 #4BA5C8
03 0 5200001 5400000 #4BA5C8
03 0 5400001 5600000 #4BA5C8
03 0 5600001 5800000 #4BA5C8
03 0 5800001 6000000 #4BA5C8
03 0 6000001 6200000 #4BA5C8
03 0 6200001 6400000 #4BA5C8
03 0 6400001 6600000 #4BA5C8
03 0 6600001 6800000 #4BA5C8
03 0 6800001 7000000 #4BA5C8
03 0 7000001 7200000 #4BA5C8
03 0 7200001 7400000 #4BA5C8
03 0 7400001 7600000 #4BA5C8
03 0 7600001 7800000 #4BA5C8
03 0 7800001 8000000 #4BA5C8
03 0 8000001 8200000 #4BA5C8
03 0 8200001 8400000 #4BA5C8
03 0 8400001 8600000 #4BA5C8
03 0 8600001 8800000 #4BA5C8
03 0 8800001 9000000 #4BA5C8
03 0 9000001 9200000 #4BA5C8
03 0 9200001 9400000 #4BA5C8
03 0 9400001 9600000 #4BA5C8
03 0 9600001 9800000 #4BA5C8
04 0 0 200000 #4BA5C8
04 0 0 400000 #4BA5C8
04 0 400001 600000 #4BA5C8
04 0 600001 800000 #4BA5C8
04 0 800001 1000000 #4BA5C8
04 0 1000001 1200000 #3eb3cd
04 0 1200001 1400000 #3eb3cd
04 0 1400001 1600000 #4BA5C8
04 0 1600001 1800000 #4BA5C8
04 0 1800001 2000000 #4BA5C8
04 0 2000001 2200000 #4BA5C8
04 0 2200001 2400000 #4BA5C8
04 0 2400001 2600000 #4BA5C8
04 0 2600001 2800000 #4BA5C8
04 0 2800001 3000000 #4BA5C8
04 0 3000001 3200000 #4BA5C8
04 0 3200001 3400000 #4BA5C8
04 0 3400001 3600000 #4BA5C8
04 0 3600001 3800000 #4BA5C8
04 0 3800001 4000000 #4BA5C8
04 0 4000001 4200000 #4BA5C8
04 0 4200001 4400000 #4BA5C8
04 0 4400001 4600000 #4BA5C8
04 0 4600001 4800000 #4BA5C8
04 0 4800001 5000000 #4BA5C8
04 0 5000001 5200000 #4BA5C8
04 0 5200001 5400000 #4BA5C8
04 0 5400001 5600000 #4BA5C8
04 0 5600001 5800000 #4BA5C8
04 0 5800001 6000000 #4BA5C8
04 0 6000001 6200000 #4BA5C8
04 0 6200001 6400000 #4BA5C8
04 0 6400001 6600000 #4BA5C8
04 0 6600001 6800000 #4BA5C8
04 0 6800001 7000000 #4BA5C8
04 0 7000001 7200000 #4BA5C8
04 0 7200001 7400000 #4BA5C8
04 0 7400001 7600000 #4BA5C8
04 0 7600001 7800000 #4BA5C8
04 0 7800001 8000000 #4BA5C8
04 0 8000001 8200000 #4BA5C8
04 0 8200001 8400000 #4BA5C8
04 0 8400001 8600000 #4BA5C8
04 0 8600001 8800000 #4BA5C8
04 0 8800001 9000000 #4BA5C8
04 0 9000001 9200000 #4BA5C8
04 0 9200001 9400000 #4BA5C8
04 0 9400001 9600000 #4BA5C8
04 0 9600001 9800000 #4BA5C8
04 0 9800001 10000000 #4BA5C8
04 0 10000001 10200000 #4BA5C8
04 0 10200001 10400000 #4BA5C8
04 0 10400001 10600000 #4BA5C8
04 0 10600001 10800000 #4BA5C8
04 0 10800001 11000000 #4BA5C8
04 0 11000001 11200000 #4BA5C8
04 0 11200001 11400000 #4BA5C8
04 0 11400001 11600000 #4BA5C8
04 0 11600001 11800000 #4BA5C8
04 0 11800001 12000000 #4BA5C8
04 0 12000001 12200000 #4BA5C8
04 0 12200001 12400000 #4BA5C8
04 0 12400001 12600000 #4BA5C8
04 0 12600001 12800000 #4BA5C8
04 0 12800001 13000000 #4BA5C8
04 0 13000001 13200000 #4BA5C8
04 0 13200001 13400000 #4BA5C8
04 0 13400001 13600000 #4BA5C8
04 0 13600001 13800000 #4BA5C8
04 0 13800001 14000000 #4BA5C8
04 0 14000001 14200000 #4BA5C8
04 0 14200001 14400000 #4BA5C8
05 0 0 200000 #4BA5C8
05 0 0 400000 #4BA5C8
05 0 400001 600000 #4BA5C8
05 0 600001 800000 #4BA5C8
05 0 800001 1000000 #4BA5C8
05 0 1000001 1200000 #4BA5C8
05 0 1200001 1400000 #4BA5C8
05 0 1400001 1600000 #4BA5C8
05 0 1600001 1800000 #4BA5C8
05 0 1800001 2000000 #4BA5C8
05 0 2000001 2200000 #4BA5C8
05 0 2200001 2400000 #4BA5C8
05 0 2400001 2600000 #4BA5C8
05 0 2600001 2800000 #4BA5C8
05 0 2800001 3000000 #4BA5C8
05 0 3000001 3200000 #4BA5C8
05 0 3200001 3400000 #4BA5C8
05 0 3400001 3600000 #4BA5C8
05 0 3600001 3800000 #4BA5C8
05 0 3800001 4000000 #4BA5C8
05 0 4000001 4200000 #4BA5C8
05 0 4200001 4400000 #4BA5C8
05 0 4400001 4600000 #4BA5C8
05 0 4600001 4800000 #4BA5C8
05 0 4800001 5000000 #4BA5C8
05 0 5000001 5200000 #4BA5C8
05 0 5200001 5400000 #4BA5C8
05 0 5400001 5600000 #4BA5C8
05 0 5600001 5800000 #4BA5C8
05 0 5800001 6000000 #4BA5C8
05 0 6000001 6200000 #4BA5C8
05 0 6200001 6400000 #4BA5C8
05 0 6400001 6600000 #4BA5C8
05 0 6600001 6800000 #4BA5C8
05 0 6800001 7000000 #4BA5C8
05 0 7000001 7200000 #4BA5C8
05 0 7200001 7400000 #4BA5C8
05 0 7400001 7600000 #4BA5C8
05 0 7600001 7800000 #4BA5C8
05 0 7800001 8000000 #4BA5C8
05 0 8000001 8200000 #4BA5C8
05 0 8200001 8400000 #4BA5C8
05 0 8400001 8600000 #4BA5C8
05 0 8600001 8800000 #4BA5C8
05 0 8800001 9000000 #4BA5C8
05 0 9000001 9200000 #4BA5C8
05 0 9200001 9400000 #4BA5C8
05 0 9400001 9600000 #4BA5C8
05 0 9600001 9800000 #4BA5C8
05 0 9800001 10000000 #4BA5C8
05 0 10000001 10200000 #4BA5C8
05 0 10200001 10400000 #4BA5C8
05 0 10400001 10600000 #4BA5C8
05 0 10600001 10800000 #4BA5C8
06 0 0 200000 #4BA5C8
06 0 0 400000 #4BA5C8
06 0 400001 600000 #4BA5C8
06 0 600001 800000 #4BA5C8
06 0 800001 1000000 #4BA5C8
06 0 1000001 1200000 #4BA5C8
06 0 1200001 1400000 #4BA5C8
06 0 1400001 1600000 #4BA5C8
06 0 1600001 1800000 #4BA5C8
06 0 1800001 2000000 #4BA5C8
06 0 2000001 2200000 #4BA5C8
06 0 2200001 2400000 #4BA5C8
06 0 2400001 2600000 #4BA5C8
06 0 2600001 2800000 #4BA5C8
06 0 2800001 3000000 #4BA5C8
06 0 3000001 3200000 #4BA5C8
06 0 3200001 3400000 #4BA5C8
06 0 3400001 3600000 #4BA5C8
06 0 3600001 3800000 #4BA5C8
06 0 3800001 4000000 #4BA5C8
06 0 4000001 4200000 #4BA5C8
06 0 4200001 4400000 #4BA5C8
06 0 4400001 4600000 #4BA5C8
06 0 4600001 4800000 #4BA5C8
06 0 4800001 5000000 #4BA5C8
06 0 5000001 5200000 #4BA5C8
06 0 5200001 5400000 #4BA5C8
06 0 5400001 5600000 #4BA5C8
06 0 5600001 5800000 #4BA5C8
06 0 5800001 6000000 #4BA5C8
06 0 6000001 6200000 #4BA5C8
06 0 6200001 6400000 #4BA5C8
06 0 6400001 6600000 #4BA5C8
06 0 6600001 6800000 #4BA5C8
06 0 6800001 7000000 #4BA5C8
06 0 7000001 7200000 #4BA5C8
06 0 7200001 7400000 #4BA5C8
06 0 7400001 7600000 #4BA5C8
06 0 7600001 7800000 #4BA5C8
06 0 7800001 8000000 #4BA5C8
06 0 8000001 8200000 #4BA5C8
06 0 8200001 8400000 #4BA5C8
06 0 8400001 8600000 #4BA5C8
06 0 8600001 8800000 #4BA5C8
06 0 8800001 9000000 #4BA5C8
06 0 9000001 9200000 #4BA5C8
06 0 9200001 9400000 #4BA5C8
06 0 9400001 9600000 #4BA5C8
06 0 9600001 9800000 #4BA5C8
06 0 9800001 10000000 #4BA5C8
06 0 10000001 10200000 #4BA5C8
06 0 10200001 10400000 #4BA5C8
06 0 10400001 10600000 #4BA5C8
06 0 10600001 10800000 #4BA5C8
06 0 10800001 11000000 #4BA5C8
06 0 11000001 11200000 #4BA5C8
06 0 11200001 11400000 #4BA5C8
06 0 11400001 11600000 #4BA5C8
06 0 11600001 11800000 #4BA5C8
06 0 11800001 12000000 #4BA5C8
06 0 12000001 12200000 #4BA5C8
06 0 12200001 12400000 #4BA5C8
06 0 12400001 12600000 #4BA5C8
06 0 12600001 12800000 #4BA5C8
06 0 12800001 13000000 #4BA5C8
06 0 13000001 13200000 #4BA5C8
06 0 13200001 13400000 #4BA5C8
06 0 13400001 13600000 #4BA5C8
06 0 13600001 13800000 #4BA5C8
06 0 13800001 14000000 #4BA5C8
06 0 14000001 14200000 #4BA5C8
06 0 14200001 14400000 #4BA5C8
06 0 14400001 14600000 #4BA5C8
06 0 14600001 14800000 #4BA5C8
06 0 14800001 15000000 #4BA5C8
06 0 15000001 15200000 #4BA5C8
06 0 15200001 15400000 #4BA5C8
06 0 15400001 15600000 #4BA5C8
06 0 15600001 15800000 #4BA5C8
06 0 15800001 16000000 #4BA5C8
06 0 16000001 16200000 #4BA5C8
06 0 16200001 16400000 #4BA5C8
06 0 16400001 16600000 #4BA5C8
06 0 16600001 16800000 #4BA5C8
06 0 16800001 17000000 #4BA5C8
06 0 17000001 17200000 #4BA5C8
06 0 17200001 17400000 #4BA5C8
06 0 17400001 17600000 #4BA5C8
07 0 0 200000 #4BA5C8
07 0 0 400000 #4BA5C8
07 0 400001 600000 #4BA5C8
07 0 600001 800000 #4BA5C8
07 0 800001 1000000 #4BA5C8
07 0 1000001 1200000 #4BA5C8
07 0 1200001 1400000 #4BA5C8
07 0 1400001 1600000 #4BA5C8
07 0 1600001 1800000 #4BA5C8
07 0 1800001 2000000 #4BA5C8
07 0 2000001 2200000 #4BA5C8
07 0 2200001 2400000 #4BA5C8
07 0 2400001 2600000 #4BA5C8
07 0 2600001 2800000 #4BA5C8
07 0 2800001 3000000 #4BA5C8
07 0 3000001 3200000 #4BA5C8
07 0 3200001 3400000 #4BA5C8
07 0 3400001 3600000 #4BA5C8
07 0 3600001 3800000 #4BA5C8
07 0 3800001 4000000 #4BA5C8
07 0 4000001 4200000 #4BA5C8
07 0 4200001 4400000 #4BA5C8
07 0 4400001 4600000 #4BA5C8
07 0 4600001 4800000 #4BA5C8
07 0 4800001 5000000 #4BA5C8
07 0 5000001 5200000 #4BA5C8
07 0 5200001 5400000 #4BA5C8
07 0 5400001 5600000 #4BA5C8
07 0 5600001 5800000 #4BA5C8
07 0 5800001 6000000 #4BA5C8
07 0 6000001 6200000 #4BA5C8
07 0 6200001 6400000 #4BA5C8
07 0 6400001 6600000 #4BA5C8
07 0 6600001 6800000 #4BA5C8
07 0 6800001 7000000 #4BA5C8
07 0 7000001 7200000 #4BA5C8
07 0 7200001 7400000 #4BA5C8
07 0 7400001 7600000 #4BA5C8
07 0 7600001 7800000 #4BA5C8
07 0 7800001 8000000 #4BA5C8
07 0 8000001 8200000 #4BA5C8
07 0 8200001 8400000 #4BA5C8
07 0 8400001 8600000 #4BA5C8
07 0 8600001 8800000 #4BA5C8
07 0 8800001 9000000 #4BA5C8
07 0 9000001 9200000 #4BA5C8
07 0 9200001 9400000 #4BA5C8
07 0 9400001 9600000 #4BA5C8
07 0 9600001 9800000 #4BA5C8
07 0 9800001 10000000 #4BA5C8
08 0 0 200000 #4BA5C8
08 0 0 400000 #4BA5C8
08 0 400001 600000 #4BA5C8
08 0 600001 800000 #4BA5C8
08 0 800001 1000000 #4BA5C8
08 0 1000001 1200000 #4BA5C8
08 0 1200001 1400000 #4BA5C8
08 0 1400001 1600000 #4BA5C8
08 0 1600001 1800000 #4BA5C8
08 0 1800001 2000000 #4BA5C8
08 0 2000001 2200000 #4BA5C8
08 0 2200001 2400000 #4BA5C8
08 0 2400001 2600000 #4BA5C8
08 0 2600001 2800000 #4BA5C8
08 0 2800001 3000000 #4BA5C8
08 0 3000001 3200000 #4BA5C8
08 0 3200001 3400000 #4BA5C8
08 0 3400001 3600000 #4BA5C8
08 0 3600001 3800000 #4BA5C8
08 0 3800001 4000000 #4BA5C8
08 0 4000001 4200000 #4BA5C8
08 0 4200001 4400000 #4BA5C8
08 0 4400001 4600000 #4BA5C8
08 0 4600001 4800000 #4BA5C8
08 0 4800001 5000000 #4BA5C8
08 0 5000001 5200000 #4BA5C8
08 0 5200001 5400000 #4BA5C8
08 0 5400001 5600000 #4BA5C8
08 0 5600001 5800000 #4BA5C8
08 0 5800001 6000000 #4BA5C8
08 0 6000001 6200000 #4BA5C8
08 0 6200001 6400000 #4BA5C8
08 0 6400001 6600000 #4BA5C8
08 0 6600001 6800000 #4BA5C8
08 0 6800001 7000000 #4BA5C8
08 0 7000001 7200000 #4BA5C8
08 0 7200001 7400000 #4BA5C8
08 0 7400001 7600000 #4BA5C8
08 0 7600001 7800000 #4BA5C8
08 0 7800001 8000000 #4BA5C8
08 0 8000001 8200000 #4BA5C8
08 0 8200001 8400000 #4BA5C8
08 0 8400001 8600000 #4BA5C8
08 0 8600001 8800000 #4BA5C8
08 0 8800001 9000000 #4BA5C8
08 0 9000001 9200000 #4BA5C8
08 0 9200001 9400000 #4BA5C8
08 0 9400001 9600000 #4BA5C8
08 0 9600001 9800000 #4BA5C8
08 0 9800001 10000000 #4BA5C8
08 0 10000001 10200000 #4BA5C8
08 0 10200001 10400000 #4BA5C8
08 0 10400001 10600000 #4BA5C8
08 0 10600001 10800000 #4BA5C8
08 0 10800001 11000000 #4BA5C8
08 0 11000001 11200000 #4BA5C8
08 0 11200001 11400000 #4BA5C8
08 0 11400001 11600000 #4BA5C8
08 0 11600001 11800000 #4BA5C8
08 0 11800001 12000000 #4BA5C8
08 0 12000001 12200000 #4BA5C8
08 0 12200001 12400000 #4BA5C8
08 0 12400001 12600000 #4BA5C8
08 0 12600001 12800000 #4BA5C8
08 0 12800001 13000000 #4BA5C8
08 0 13000001 13200000 #4BA5C8
08 0 13200001 13400000 #4BA5C8
08 0 13400001 13600000 #4BA5C8
08 0 13600001 13800000 #4BA5C8
08 0 13800001 14000000 #4BA5C8
08 0 14000001 14200000 #4BA5C8
08 0 14200001 14400000 #4BA5C8
08 0 14400001 14600000 #4BA5C8
08 0 14600001 14800000 #4BA5C8
08 0 14800001 15000000 #4BA5C8
08 0 15000001 15200000 #4BA5C8
08 0 15200001 15400000 #4BA5C8
08 0 15400001 15600000 #4BA5C8
09 0 0 200000 #4BA5C8
09 0 0 400000 #4BA5C8
09 0 400001 600000 #4BA5C8
09 0 600001 800000 #4BA5C8
09 0 800001 1000000 #4BA5C8
09 0 1000001 1200000 #4BA5C8
09 0 1200001 1400000 #4BA5C8
09 0 1400001 1600000 #4BA5C8
09 0 1600001 1800000 #4BA5C8
09 0 1800001 2000000 #4BA5C8
09 0 2000001 2200000 #4BA5C8
09 0 2200001 2400000 #4BA5C8
09 0 2400001 2600000 #4BA5C8
09 0 2600001 2800000 #4BA5C8
09 0 2800001 3000000 #4BA5C8
09 0 3000001 3200000 #4BA5C8
09 0 3200001 3400000 #4BA5C8
09 0 3400001 3600000 #4BA5C8
09 0 3600001 3800000 #4BA5C8
09 0 3800001 4000000 #4BA5C8
09 0 4000001 4200000 #4BA5C8
09 0 4200001 4400000 #4BA5C8
09 0 4400001 4600000 #4BA5C8
09 0 4600001 4800000 #4BA5C8
09 0 4800001 5000000 #4BA5C8
09 0 5000001 5200000 #4BA5C8
09 0 5200001 5400000 #4BA5C8
09 0 5400001 5600000 #4BA5C8
09 0 5600001 5800000 #4BA5C8
09 0 5800001 6000000 #4BA5C8
09 0 6000001 6200000 #4BA5C8
09 0 6200001 6400000 #4BA5C8
09 0 6400001 6600000 #4BA5C8
09 0 6600001 6800000 #4BA5C8
09 0 6800001 7000000 #4BA5C8
09 0 7000001 7200000 #4BA5C8
09 0 7200001 7400000 #4BA5C8
09 0 7400001 7600000 #4BA5C8
09 0 7600001 7800000 #4BA5C8
09 0 7800001 8000000 #4BA5C8
09 0 8000001 8200000 #4BA5C8
09 0 8200001 8400000 #4BA5C8
09 0 8400001 8600000 #4BA5C8
09 0 8600001 8800000 #4BA5C8
09 0 8800001 9000000 #4BA5C8
09 0 9000001 9200000 #4BA5C8
09 0 9200001 9400000 #4BA5C8
09 0 9400001 9600000 #4BA5C8
09 0 9600001 9800000 #4BA5C8
10 0 0 200000 #4BA5C8
10 0 0 400000 #4BA5C8
10 0 400001 600000 #4BA5C8
10 0 600001 800000 #4BA5C8
10 0 800001 1000000 #4BA5C8
10 0 1000001 1200000 #4BA5C8
10 0 1200001 1400000 #4BA5C8
10 0 1400001 1600000 #4BA5C8
10 0 1600001 1800000 #4BA5C8
10 0 1800001 2000000 #3eb3cd
10 0 2000001 2200000 #4BA5C8
10 0 2200001 2400000 #4BA5C8
10 0 2400001 2600000 #4BA5C8
10 0 2600001 2800000 #4BA5C8
10 0 2800001 3000000 #4BA5C8
10 0 3000001 3200000 #4BA5C8
10 0 3200001 3400000 #4BA5C8
10 0 3400001 3600000 #4BA5C8
10 0 3600001 3800000 #4BA5C8
10 0 3800001 4000000 #4BA5C8
10 0 4000001 4200000 #4BA5C8
10 0 4200001 4400000 #4BA5C8
10 0 4400001 4600000 #4BA5C8
10 0 4600001 4800000 #4BA5C8
10 0 4800001 5000000 #4BA5C8
10 0 5000001 5200000 #4BA5C8
10 0 5200001 5400000 #4BA5C8
10 0 5400001 5600000 #4BA5C8
10 0 5600001 5800000 #4BA5C8
10 0 5800001 6000000 #4BA5C8
10 0 6000001 6200000 #4BA5C8
10 0 6200001 6400000 #4BA5C8
10 0 6400001 6600000 #4BA5C8
10 0 6600001 6800000 #4BA5C8
10 0 6800001 7000000 #4BA5C8
10 0 7000001 7200000 #4BA5C8
10 0 7200001 7400000 #4BA5C8
10 0 7400001 7600000 #4BA5C8
10 0 7600001 7800000 #4BA5C8
10 0 7800001 8000000 #4BA5C8
10 0 8000001 8200000 #4BA5C8
10 0 8200001 8400000 #4BA5C8
10 0 8400001 8600000 #4BA5C8
10 0 8600001 8800000 #4BA5C8
10 0 8800001 9000000 #4BA5C8
10 0 9000001 9200000 #4BA5C8
10 0 9200001 9400000 #4BA5C8
10 0 9400001 9600000 #4BA5C8
10 0 9600001 9800000 #4BA5C8
10 0 9800001 10000000 #4BA5C8
10 0 10000001 10200000 #4BA5C8
11 0 0 200000 #3eb3cd
11 0 200001 400000 #4BA5C8
11 0 400001 600000 #4BA5C8
11 0 600001 800000 #4BA5C8
11 0 800001 1000000 #4BA5C8
11 0 1000001 1200000 #4BA5C8
11 0 1200001 1400000 #4BA5C8
11 0 1400001 1600000 #4BA5C8
11 0 1600001 1800000 #4BA5C8
11 0 1800001 2000000 #4BA5C8
11 0 2000001 2200000 #4BA5C8
11 0 2200001 2400000 #4BA5C8
11 0 2400001 2600000 #4BA5C8
11 0 2600001 2800000 #4BA5C8
11 0 2800001 3000000 #4BA5C8
11 0 3000001 3200000 #4BA5C8
11 0 3200001 3400000 #4BA5C8
11 0 3400001 3600000 #4BA5C8
11 0 3600001 3800000 #3eb3cd
11 0 3800001 4000000 #4BA5C8
11 0 4000001 4200000 #4BA5C8
11 0 4200001 4400000 #4BA5C8
11 0 4400001 4600000 #4BA5C8
11 0 4600001 4800000 #4BA5C8
11 0 4800001 5000000 #4BA5C8
11 0 5000001 5200000 #4BA5C8
11 0 5200001 5400000 #4BA5C8
11 0 5400001 5600000 #4BA5C8
11 0 5600001 5800000 #4BA5C8
11 0 5800001 6000000 #4BA5C8
11 0 6000001 6200000 #4BA5C8
11 0 6200001 6400000 #4BA5C8
11 0 6400001 6600000 #4BA5C8
11 0 6600001 6800000 #75d8a9
11 0 6800001 7000000 #5ed9c1
11 0 7000001 7200000 #3ac0cd
11 0 7200001 7400000 #3ac0cd
11 0 7400001 7600000 #4BA5C8
11 0 7600001 7800000 #3eb3cd
11 0 7800001 8000000 #4BA5C8
11 0 8000001 8200000 #3eb3cd
11 0 8200001 8400000 #4BA5C8
11 0 8400001 8600000 #4BA5C8
11 0 8600001 8800000 #4BA5C8
11 0 8800001 9000000 #4BA5C8
11 0 9000001 9200000 #4BA5C8
11 0 9200001 9400000 #4BA5C8
11 0 9400001 9600000 #4BA5C8
11 0 9600001 9800000 #4BA5C8
11 0 9800001 10000000 #4BA5C8
11 0 10000001 10200000 #4BA5C8
11 0 10200001 10400000 #4BA5C8
11 0 10400001 10600000 #4BA5C8
11 0 10600001 10800000 #4BA5C8
11 0 10800001 11000000 #4BA5C8
11 0 11000001 11200000 #4BA5C8
11 0 11200001 11400000 #4BA5C8
11 0 11400001 11600000 #4BA5C8
11 0 11600001 11800000 #4BA5C8
11 0 11800001 12000000 #4BA5C8
11 0 12000001 12200000 #4BA5C8
11 0 12200001 12400000 #4BA5C8
11 0 12400001 12600000 #4BA5C8
11 0 12600001 12800000 #4BA5C8
11 0 12800001 13000000 #4BA5C8
11 0 13000001 13200000 #4BA5C8
11 0 13200001 13400000 #4BA5C8
11 0 13400001 13600000 #4BA5C8
11 0 13600001 13800000 #4BA5C8
11 0 13800001 14000000 #4BA5C8
11 0 14000001 14200000 #4BA5C8
11 0 14200001 14400000 #4BA5C8
11 0 14400001 14600000 #4BA5C8
11 0 14600001 14800000 #4BA5C8
11 0 14800001 15000000 #4BA5C8
11 0 15000001 15200000 #4BA5C8
11 0 15200001 15400000 #4BA5C8
11 0 15400001 15600000 #4BA5C8
11 0 15600001 15800000 #4BA5C8
11 0 15800001 16000000 #4BA5C8
11 0 16000001 16200000 #4BA5C8
11 0 16200001 16400000 #4BA5C8
11 0 16400001 16600000 #4BA5C8
11 0 16600001 16800000 #4BA5C8
11 0 16800001 17000000 #4BA5C8
11 0 17000001 17200000 #4BA5C8
11 0 17200001 17400000 #4BA5C8
11 0 17400001 17600000 #4BA5C8
11 0 17600001 17800000 #4BA5C8
11 0 17800001 18000000 #4BA5C8
11 0 18000001 18200000 #4BA5C8
11 0 18200001 18400000 #4BA5C8
11 0 18400001 18600000 #4BA5C8
11 0 18600001 18800000 #4BA5C8
11 0 18800001 19000000 #4BA5C8
11 0 19000001 19200000 #4BA5C8
11 0 19200001 19400000 #4BA5C8
11 0 19400001 19600000 #4BA5C8
11 0 19600001 19800000 #4BA5C8
11 0 19800001 20000000 #4BA5C8
11 0 20000001 20200000 #4BA5C8
11 0 20200001 20400000 #4BA5C8
11 0 20400001 20600000 #4BA5C8
11 0 20600001 20800000 #4BA5C8
11 0 20800001 21000000 #4BA5C8
11 0 21000001 21200000 #4BA5C8
11 0 21200001 21400000 #4BA5C8
11 0 21400001 21600000 #4BA5C8
11 0 21600001 21800000 #4BA5C8
11 0 21800001 22000000 #4BA5C8
11 0 22000001 22200000 #4BA5C8
11 0 22200001 22400000 #4BA5C8
11 0 22400001 22600000 #46cdc9
11 0 22600001 22800000 #3eb3cd
11 0 22800001 23000000 #3eb3cd
11 0 23000001 23200000 #4BA5C8
11 0 23200001 23400000 #3ac0cd
11 0 23400001 23600000 #5ed9c1
11 0 23600001 23800000 #4BA5C8
11 0 23800001 24000000 #4BA5C8
11 0 24000001 24200000 #4BA5C8
11 0 24200001 24400000 #4BA5C8
11 0 24400001 24600000 #3eb3cd
11 0 24600001 24800000 #46cdc9
11 0 24800001 25000000 #4BA5C8
11 0 25000001 25200000 #4BA5C8
11 0 25200001 25400000 #46cdc9
11 0 25400001 25600000 #4BA5C8
11 0 25600001 25800000 #5ed9c1
11 0 25800001 26000000 #4BA5C8
11 0 26000001 26200000 #46cdc9
11 0 26200001 26400000 #5ed9c1
11 0 26400001 26600000 #4BA5C8
11 0 26600001 26800000 #4BA5C8
11 0 26800001 27000000 #4BA5C8
11 0 27000001 27200000 #4BA5C8
11 0 27200001 27400000 #90d691
11 0 27400001 27600000 #3eb3cd
11 0 27600001 27800000 #46cdc9
11 0 27800001 28000000 #75d8a9
11 0 28000001 28200000 #4BA5C8
11 0 28200001 28400000 #90d691
11 0 28400001 28600000 #46cdc9
11 0 28600001 28800000 #4BA5C8
12 0 0 200000 #3eb3cd
12 0 200001 400000 #4BA5C8
12 0 400001 600000 #4BA5C8
12 0 600001 800000 #4BA5C8
12 0 800001 1000000 #4BA5C8
12 0 1000001 1200000 #4BA5C8
12 0 1200001 1400000 #4BA5C8
12 0 1400001 1600000 #4BA5C8
12 0 1600001 1800000 #4BA5C8
12 0 1800001 2000000 #4BA5C8
12 0 2000001 2200000 #4BA5C8
12 0 2200001 2400000 #4BA5C8
12 0 2400001 2600000 #4BA5C8
12 0 2600001 2800000 #4BA5C8
12 0 2800001 3000000 #4BA5C8
12 0 3000001 3200000 #4BA5C8
12 0 3200001 3400000 #4BA5C8
12 0 3400001 3600000 #4BA5C8
12 0 3600001 3800000 #4BA5C8
12 0 3800001 4000000 #4BA5C8
12 0 4000001 4200000 #4BA5C8
12 0 4200001 4400000 #4BA5C8
12 0 4400001 4600000 #4BA5C8
12 0 4600001 4800000 #4BA5C8
12 0 4800001 5000000 #4BA5C8
12 0 5000001 5200000 #4BA5C8
12 0 5200001 5400000 #4BA5C8
12 0 5400001 5600000 #4BA5C8
12 0 5600001 5800000 #4BA5C8
12 0 5800001 6000000 #4BA5C8
12 0 6000001 6200000 #4BA5C8
12 0 6200001 6400000 #4BA5C8
12 0 6400001 6600000 #4BA5C8
12 0 6600001 6800000 #4BA5C8
12 0 6800001 7000000 #4BA5C8
12 0 7000001 7200000 #4BA5C8
12 0 7200001 7400000 #4BA5C8
12 0 7400001 7600000 #4BA5C8
12 0 7600001 7800000 #4BA5C8
12 0 7800001 8000000 #4BA5C8
12 0 8000001 8200000 #4BA5C8
12 0 8200001 8400000 #4BA5C8
12 0 8400001 8600000 #4BA5C8
12 0 8600001 8800000 #4BA5C8
12 0 8800001 9000000 #4BA5C8
12 0 9000001 9200000 #4BA5C8
12 0 9200001 9400000 #4BA5C8
12 0 9400001 9600000 #4BA5C8
12 0 9600001 9800000 #4BA5C8
12 0 9800001 10000000 #4BA5C8
12 0 10000001 10200000 #4BA5C8
12 0 10200001 10400000 #4BA5C8
12 0 10400001 10600000 #4BA5C8
12 0 10600001 10800000 #4BA5C8
12 0 10800001 11000000 #4BA5C8
12 0 11000001 11200000 #4BA5C8
12 0 11200001 11400000 #4BA5C8
12 0 11400001 11600000 #4BA5C8
12 0 11600001 11800000 #4BA5C8
12 0 11800001 12000000 #4BA5C8
12 0 12000001 12200000 #4BA5C8
12 0 12200001 12400000 #4BA5C8
12 0 12400001 12600000 #4BA5C8
12 0 12600001 12800000 #4BA5C8
12 0 12800001 13000000 #4BA5C8
12 0 13000001 13200000 #4BA5C8
12 0 13200001 13400000 #4BA5C8
12 0 13400001 13600000 #4BA5C8
12 0 13600001 13800000 #4BA5C8
12 0 13800001 14000000 #4BA5C8
12 0 14000001 14200000 #4BA5C8
12 0 14200001 14400000 #4BA5C8
