01 0 56809 57972 #c00000
01 0 689792 694013 #9a029a
01 0 710953 714322 #9a029a
01 0 1356601 1361260 #c00000
01 0 1765034 1768669 #1440cd
01 0 1867989 1870153 #c00000
01 0 2131487 2136767 #1440cd
01 0 2669952 2672924 #9a029a
01 0 2682019 2684988 #9a029a
01 0 2688623 2691942 #c00000
01 0 2811340 2814637 #c00000
01 0 2830325 2833623 #c00000
01 0 2834335 2836425 #c00000
01 0 2839979 2843285 #c00000
01 0 2851954 2855225 #c00000
01 0 3068071 3071136 #1440cd
01 0 3143659 3146760 #1440cd
01 0 3149355 3152639 #1440cd
01 0 3176544 3179602 #1440cd
01 0 3182127 3185207 #1440cd
01 0 3195915 3200010 #1440cd
01 0 3201223 3204252 #1440cd
01 0 3222303 3225613 #1440cd
01 0 3235987 3243759 #1440cd
01 0 3251204 3257796 #1440cd
01 0 3259438 3262454 #1440cd
01 0 3272839 3276375 #1440cd
01 0 3283195 3286185 #1440cd
01 0 3432553 3435618 #1440cd
01 0 3621523 3624996 #c00000
01 0 3667752 3672751 #c00000
01 0 4104804 4108409 #9a029a
01 0 5815087 5818733 #c00000
01 0 6766761 6769965 #c00000
01 0 7081827 7085596 #c00000
01 0 7739232 7742320 #c00000
01 0 8751153 8755031 #9a029a
01 0 9288840 9299355 #9a029a
01 0 9306108 9309845 #9a029a
01 0 9314159 9318060 #9a029a
01 0 9845800 9848861 #9a029a
01 0 9917874 9921498 #1440cd
01 0 11526651 11529893 #9a029a
01 0 13142186 13144785 #9a029a
01 0 13979885 13983744 #9a029a
01 0 14527813 14531533 #9a029a
01 0 14577405 14581150 #9a029a
01 0 14587549 14591754 #9a029a
01 0 14598210 14602976 #9a029a
01 0 14612547 14617122 #9a029a
01 0 18205235 18207774 #c00000
01 0 18229322 18232733 #c00000
01 0 18405728 18408073 #9a029a
01 0 18532203 18540249 #9a029a
01 0 18613744 18616560 #9a029a
01 0 18671229 18674473 #c00000
01 0 19509834 19518873 #9a029a
01 0 20329136 20331853 #9a029a
01 0 22338181 22341478 #c00000
01 0 23631989 23635375 #1440cd
01 0 23639986 23642847 #1440cd
01 0 23648581 23651410 #1440cd
01 0 23746860 23751682 #9a029a
01 0 23770115 23771515 #1440cd
01 0 23776502 23779485 #1440cd
01 0 23787960 23792216 #1440cd
01 0 23976377 23981787 #c00000
01 0 24023275 24027535 #9a029a
01 0 27733852 27739492 #c00000
01 0 27855548 27855995 #1440cd
01 0 28664576 28667869 #c00000
01 0 28669702 28673081 #c00000
01 0 29551773 29553828 #c00000
01 0 29927967 29931332 #c00000
01 0 31006098 31009428 #c00000
01 0 31431931 31433202 #1440cd
01 0 33092145 33095966 #9a029a
01 0 33099877 33103743 #9a029a
01 0 33120499 33124371 #9a029a
01 0 33141127 33144999 #9a029a
01 0 33460705 33463434 #9a029a
01 0 33816854 33818737 #9a029a
01 0 33825609 33828569 #9a029a
01 0 34296350 34299682 #9a029a
01 0 34379227 34382764 #1440cd
01 0 34428578 34436332 #c00000
01 0 34446052 34454391 #c00000
01 0 34458723 34466010 #c00000
01 0 34739575 34743871 #c00000
01 0 34868746 34880485 #c00000
01 0 34899156 34901417 #c00000
01 0 35082273 35085588 #c00000
01 0 38113849 38117656 #c00000
01 0 38762171 38762947 #1440cd
01 0 38770462 38771382 #1440cd
01 0 38795838 38796677 #1440cd
01 0 40019693 40023577 #c00000
01 0 40556189 40561361 #9a029a
01 0 41148106 41153520 #9a029a
01 0 41157102 41163870 #9a029a
01 0 41678335 41681246 #9a029a
01 0 41986078 41988856 #9a029a
01 0 41997892 41999694 #9a029a
01 0 42169331 42172204 #9a029a
01 0 42184240 42187395 #c00000
01 0 42336437 42347939 #c00000
01 0 43175447 43179010 #c00000
02 0 442462 446000 #c00000
02 0 637141 640263 #c00000
02 0 884467 887649 #c00000
02 0 967172 974497 #9a029a
02 0 978126 985057 #9a029a
02 0 990259 995506 #9a029a
02 0 1949926 1953141 #c00000
02 0 2011707 2015438 #9a029a
02 0 2783389 2787584 #9a029a
02 0 2816880 2822776 #c00000
02 0 2934076 2937231 #c00000
02 0 2938244 2941396 #c00000
02 0 2945613 2948804 #c00000
02 0 2952436 2955585 #c00000
02 0 2958935 2962078 #c00000
02 0 2965403 2968558 #c00000
02 0 2972242 2975382 #c00000
02 0 2979031 2982180 #c00000
02 0 2998808 3000982 #1440cd
02 0 3005602 3007866 #1440cd
02 0 3028948 3031113 #1440cd
02 0 3037668 3039851 #1440cd
02 0 3065797 3073434 #1440cd
02 0 3084942 3087074 #1440cd
02 0 3092865 3095021 #1440cd
02 0 3097247 3099379 #1440cd
02 0 3102631 3104785 #1440cd
02 0 3106444 3108639 #1440cd
02 0 3113436 3120819 #1440cd
02 0 3124211 3126569 #1440cd
02 0 3127100 3129256 #1440cd
02 0 3132850 3135045 #1440cd
02 0 3323244 3326725 #1440cd
02 0 3333547 3335808 #1440cd
02 0 4086437 4089165 #c00000
02 0 4168167 4174984 #c00000
02 0 5020121 5027637 #c00000
02 0 5048656 5051397 #9a029a
02 0 5259952 5263890 #c00000
02 0 5270236 5276091 #c00000
02 0 6183952 6187523 #c00000
02 0 6208684 6212210 #c00000
02 0 6228456 6231985 #c00000
02 0 6247083 6250599 #c00000
02 0 6254346 6256373 #1440cd
02 0 6469018 6472636 #c00000
02 0 6476919 6480629 #c00000
02 0 6486045 6489622 #c00000
02 0 6491390 6495136 #c00000
02 0 6815291 6818362 #c00000
02 0 7154364 7157124 #c00000
02 0 7164822 7166504 #1440cd
02 0 7172556 7175908 #c00000
02 0 7221235 7224407 #c00000
02 0 7434759 7438310 #c00000
02 0 7501547 7513081 #c00000
02 0 7711388 7715581 #c00000
02 0 7976138 7978622 #c00000
02 0 9136748 9143702 #9a029a
02 0 9155586 9166122 #9a029a
02 0 9238439 9243853 #9a029a
02 0 9258106 9262290 #9a029a
02 0 9284788 9290817 #9a029a
02 0 9922656 9928190 #9a029a
02 0 10010588 10013470 #1440cd
02 0 10213594 10216361 #c00000
02 0 10239194 10240110 #1440cd
02 0 10446319 10449696 #9a029a
02 0 10490446 10493778 #9a029a
02 0 10504703 10508260 #9a029a
02 0 10634894 10640697 #c00000
02 0 10777415 10780758 #9a029a
02 0 11550975 11554441 #9a029a
02 0 11702232 11707030 #9a029a
02 0 11895625 11904935 #9a029a
02 0 12039389 12048692 #9a029a
02 0 12065355 12079958 #9a029a
02 0 15193087 15196356 #9a029a
02 0 16270018 16277773 #9a029a
02 0 16311925 16314711 #9a029a
02 0 16404455 16408112 #9a029a
02 0 17910631 17914500 #9a029a
02 0 18173358 18176686 #c00000
02 0 18570061 18572286 #1440cd
02 0 20842399 20851069 #c00000
02 0 20857399 20865338 #c00000
02 0 21166678 21169952 #9a029a
02 0 23209809 23219751 #9a029a
02 0 23612558 23614417 #1440cd
02 0 23952926 23954290 #1440cd
02 0 23966075 23968522 #1440cd
02 0 24315760 24318863 #c00000
02 0 24327253 24331151 #c00000
02 0 24351053 24354148 #c00000
02 0 25176334 25179492 #c00000
02 0 25488155 25491432 #c00000
02 0 30316561 30319694 #c00000
02 0 32882650 32889397 #c00000
02 0 35108829 35112673 #9a029a
02 0 35706074 35710557 #c00000
03 0 293668 294916 #c00000
03 0 1562203 1564966 #c00000
03 0 2495806 2498898 #c00000
03 0 4397476 4402690 #c00000
03 0 4434654 4437509 #1440cd
03 0 5596830 5599784 #9a029a
03 0 5607032 5609758 #9a029a
03 0 5841112 5844737 #1440cd
03 0 6435032 6438143 #c00000
03 0 6804875 6808312 #c00000
03 0 8122619 8126003 #9a029a
03 0 8828823 8833236 #c00000
03 0 10437624 10440198 #c00000
03 0 11586186 11589937 #c00000
03 0 11798303 11801524 #9a029a
03 0 12118231 12122824 #c00000
03 0 12289253 12291336 #c00000
03 0 12411774 12414819 #c00000
03 0 15011162 15023305 #9a029a
03 0 16073129 16078643 #c00000
03 0 16262868 16265236 #1440cd
03 0 17605272 17607751 #9a029a
03 0 18636039 18638155 #1440cd
03 0 20487963 20491235 #9a029a
03 0 20913610 20917410 #9a029a
03 0 21233922 21237492 #9a029a
03 0 21268409 21272275 #9a029a
03 0 22347903 22354801 #9a029a
03 0 22369461 22371179 #9a029a
03 0 24882541 24884615 #1440cd
03 0 26337827 26341410 #9a029a
03 0 27517860 27521472 #9a029a
03 0 27536734 27543081 #9a029a
03 0 27838416 27839942 #1440cd
03 0 27845042 27845904 #1440cd
03 0 28254669 28258645 #c00000
03 0 28600569 28603448 #9a029a
03 0 28796263 28799060 #c00000
03 0 29016403 29019984 #c00000
03 0 29426766 29430450 #c00000
03 0 30449074 30450181 #c00000
03 0 30549561 30556158 #c00000
03 0 31209106 31212255 #c00000
03 0 32044204 32048249 #c00000
03 0 32078746 32082067 #c00000
03 0 32926375 32929934 #c00000
03 0 35693747 35698494 #9a029a
03 0 35710816 35715776 #9a029a
03 0 35725976 35732118 #9a029a
04 0 639804 643202 #9a029a
04 0 684291 687590 #9a029a
04 0 888474 894626 #9a029a
04 0 945530 948805 #9a029a
04 0 1115784 1118619 #9a029a
04 0 1164656 1166710 #1440cd
04 0 1330245 1335588 #1440cd
04 0 1358663 1362382 #c00000
04 0 2034812 2038481 #c00000
04 0 4470642 4473512 #9a029a
04 0 4485740 4489784 #9a029a
04 0 6250562 6252784 #9a029a
04 0 6448630 6452290 #9a029a
04 0 6890839 6893910 #9a029a
04 0 7084934 7092765 #9a029a
04 0 7973330 7976062 #9a029a
04 0 8164458 8168920 #c00000
04 0 8169453 8171255 #c00000
04 0 8462635 8464331 #c00000
04 0 8485404 8499957 #c00000
04 0 8508017 8510970 #c00000
04 0 8514940 8518000 #c00000
04 0 12396117 12398915 #9a029a
04 0 12508907 12512922 #9a029a
04 0 12718050 12726551 #c00000
04 0 12998694 13001704 #9a029a
04 0 14180680 14183931 #9a029a
04 0 15062899 15068598 #9a029a
04 0 15371729 15374854 #9a029a
04 0 16667728 16672467 #1440cd
04 0 18248976 18252255 #9a029a
04 0 18318639 18322459 #9a029a
04 0 18340866 18344512 #9a029a
04 0 18490353 18494159 #9a029a
04 0 19900571 19903657 #9a029a
04 0 22867686 22872310 #c00000
04 0 23120520 23122613 #c00000
04 0 23506845 23509631 #9a029a
04 0 23626733 23629784 #c00000
04 0 24032554 24035882 #1440cd
04 0 24348138 24350006 #c00000
04 0 24538462 24541590 #9a029a
04 0 25218033 25219397 #1440cd
04 0 25253955 25257440 #c00000
04 0 25632130 25636768 #9a029a
04 0 25708449 25712533 #9a029a
04 0 26703331 26708296 #c00000
04 0 27431651 27434506 #9a029a
04 0 29082551 29086022 #c00000
04 0 31263709 31270896 #c00000
04 0 31274785 31282283 #c00000
04 0 31285828 31298318 #c00000
04 0 31299949 31307667 #c00000
04 0 31309013 31316299 #c00000
04 0 31318793 31327869 #c00000
04 0 31421211 31425084 #c00000
04 0 31553065 31558406 #9a029a
04 0 31565144 31566271 #9a029a
04 0 31577881 31583871 #9a029a
04 0 31586751 31596796 #9a029a
04 0 31600121 31607344 #9a029a
04 0 31638099 31644445 #9a029a
04 0 31656691 31662331 #9a029a
04 0 31854429 31859423 #9a029a
04 0 31861786 31862286 #9a029a
04 0 32963620 32966799 #1440cd
04 0 32974844 32977648 #1440cd
04 0 32991267 32994650 #1440cd
04 0 33110149 33113231 #c00000
04 0 34171618 34173061 #1440cd
04 0 34299142 34302180 #c00000
04 0 34330042 34332129 #1440cd
04 0 34901951 34906978 #c00000
04 0 35040270 35043555 #c00000
05 0 3156545 3158232 #c00000
05 0 4172893 4176427 #c00000
05 0 4213542 4216532 #1440cd
05 0 4231429 4239980 #c00000
05 0 7211727 7214956 #9a029a
05 0 7325591 7330296 #9a029a
05 0 8526739 8534757 #9a029a
05 0 8879371 8886105 #c00000
05 0 9144559 9147922 #9a029a
05 0 9151346 9154980 #9a029a
05 0 9318044 9328146 #c00000
05 0 9461699 9473859 #c00000
05 0 9517551 9527490 #c00000
05 0 9586066 9595235 #c00000
05 0 9643930 9654813 #c00000
05 0 9722450 9739415 #c00000
05 0 10112621 10126180 #c00000
05 0 10232800 10246527 #c00000
05 0 10404235 10407338 #c00000
05 0 13269618 13277175 #9a029a
05 0 13817708 13821505 #9a029a
05 0 13834310 13839711 #c00000
05 0 17513385 17517293 #9a029a
05 0 18342847 18346626 #9a029a
05 0 18354322 18357990 #9a029a
05 0 18377214 18380993 #9a029a
05 0 18396847 18401175 #9a029a
05 0 19118218 19122650 #1440cd
05 0 19448966 19449733 #1440cd
05 0 19829198 19830382 #c00000
05 0 20258661 20262065 #9a029a
05 0 20264418 20266361 #9a029a
05 0 20283790 20285741 #c00000
05 0 23113214 23116818 #c00000
05 0 23524087 23527255 #c00000
05 0 23581251 23585400 #9a029a
05 0 23586768 23590121 #9a029a
05 0 23605766 23608342 #c00000
05 0 23654542 23662226 #c00000
05 0 23899636 23905329 #c00000
05 0 24149572 24151478 #1440cd
05 0 24184535 24187909 #9a029a
05 0 24197214 24200543 #9a029a
05 0 26022475 26025719 #c00000
05 0 26113320 26117596 #c00000
05 0 26120321 26126935 #c00000
05 0 26131430 26139443 #c00000
05 0 26143305 26147522 #c00000
05 0 26153207 26157648 #c00000
05 0 26159844 26167408 #c00000
05 0 29130135 29132313 #9a029a
05 0 29132875 29135068 #9a029a
05 0 29307333 29311326 #c00000
05 0 29677769 29681781 #c00000
06 0 1347280 1351183 #9a029a
06 0 1605798 1611951 #c00000
06 0 1864557 1867821 #c00000
06 0 2095928 2098813 #1440cd
06 0 2107121 2110063 #1440cd
06 0 2112776 2115430 #1440cd
06 0 2410328 2416843 #9a029a
06 0 2973885 2977720 #9a029a
06 0 2980426 2984289 #9a029a
06 0 2985503 2989061 #9a029a
06 0 3235339 3239082 #9a029a
06 0 3242225 3246263 #9a029a
06 0 3408671 3418232 #1440cd
06 0 3957396 3960590 #1440cd
06 0 4326731 4330161 #c00000
06 0 4331516 4334806 #c00000
06 0 4339307 4342791 #c00000
06 0 5018115 5020196 #c00000
06 0 5244605 5251473 #c00000
06 0 6484405 6488130 #c00000
06 0 7333622 7334982 #c00000
06 0 8915349 8918582 #9a029a
06 0 8935092 8939018 #9a029a
06 0 9146959 9150341 #c00000
06 0 9289327 9291034 #c00000
06 0 9316158 9323418 #c00000
06 0 9716234 9724859 #9a029a
06 0 10375889 10380003 #9a029a
06 0 10382004 10390465 #9a029a
06 0 10397097 10399253 #9a029a
06 0 10405659 10410863 #9a029a
06 0 10421138 10427557 #9a029a
06 0 10437207 10440411 #9a029a
06 0 10446051 10449985 #9a029a
06 0 11500110 11503823 #9a029a
06 0 12067449 12070739 #9a029a
06 0 13055253 13058027 #9a029a
06 0 13541654 13544834 #c00000
06 0 16198360 16199664 #c00000
06 0 17584536 17586350 #9a029a
06 0 20522201 20524678 #c00000
06 0 21255311 21258602 #c00000
06 0 21272920 21274554 #1440cd
06 0 21279322 21281894 #c00000
06 0 22375261 22398668 #9a029a
06 0 22711017 22714602 #c00000
06 0 22809651 22813269 #c00000
06 0 22863057 22866649 #c00000
06 0 22938990 22940807 #c00000
06 0 22951396 22954845 #c00000
06 0 22958561 22962053 #c00000
06 0 22969122 22972608 #c00000
06 0 22992411 22995903 #c00000
06 0 23005341 23008828 #c00000
06 0 23016201 23020747 #c00000
06 0 23049803 23052316 #1440cd
06 0 23093973 23097524 #c00000
06 0 23131803 23135963 #c00000
06 0 23144955 23148606 #c00000
06 0 23355095 23358852 #9a029a
06 0 24866966 24870809 #9a029a
06 0 24931547 24935193 #9a029a
06 0 24940741 24944377 #9a029a
06 0 24946814 24951289 #9a029a
06 0 24954855 24958460 #9a029a
06 0 24966557 24976052 #9a029a
06 0 25727913 25732888 #c00000
06 0 25946419 25949428 #c00000
06 0 26279804 26292345 #9a029a
06 0 26953152 26953958 #1440cd
06 0 27226619 27232660 #c00000
06 0 27335847 27339387 #c00000
06 0 27622829 27626014 #c00000
06 0 27666632 27670507 #9a029a
06 0 28853501 28856701 #c00000
06 0 28867660 28870890 #c00000
06 0 28872387 28873805 #c00000
06 0 28874838 28878068 #c00000
06 0 28888959 28892150 #c00000
06 0 28898605 28901805 #c00000
06 0 28905888 28907909 #1440cd
06 0 29352930 29356136 #9a029a
06 0 29679875 29682808 #9a029a
06 0 29897280 29906667 #9a029a
06 0 29919221 29923705 #9a029a
06 0 29927274 29931821 #9a029a
06 0 29941014 29945554 #9a029a
06 0 30470275 30474459 #c00000
07 0 425022 428129 #c00000
07 0 841812 844699 #1440cd
07 0 1117786 1120936 #c00000
07 0 1683186 1686608 #c00000
07 0 1812742 1816006 #c00000
07 0 1851557 1855871 #c00000
07 0 2149575 2152124 #9a029a
07 0 2162644 2167122 #9a029a
07 0 2313828 2318127 #c00000
07 0 2758135 2761631 #c00000
07 0 3583971 3587738 #c00000
07 0 4585208 4590666 #9a029a
07 0 4619843 4622563 #9a029a
07 0 5263323 5273419 #9a029a
07 0 5281163 5293886 #9a029a
07 0 5723982 5726515 #9a029a
07 0 5774462 5777263 #c00000
07 0 7239161 7241239 #9a029a
07 0 8468428 8472094 #c00000
07 0 10142883 10145905 #9a029a
07 0 10155452 10159775 #9a029a
07 0 10173194 10175362 #9a029a
07 0 10284141 10286888 #9a029a
07 0 11432125 11435933 #9a029a
07 0 15191864 15194044 #9a029a
07 0 15195541 15199626 #9a029a
07 0 15443943 15446746 #9a029a
07 0 15928645 15931490 #9a029a
07 0 16528706 16531646 #1440cd
07 0 16722609 16725689 #1440cd
07 0 17524087 17528096 #9a029a
07 0 17529850 17534329 #9a029a
07 0 18688392 18692305 #c00000
07 0 18896021 18904535 #9a029a
07 0 18915366 18920341 #1440cd
07 0 20130255 20135239 #9a029a
07 0 20151251 20155591 #9a029a
07 0 20157911 20160508 #9a029a
07 0 20165876 20170141 #9a029a
07 0 20174058 20177168 #9a029a
07 0 20818884 20822105 #9a029a
07 0 22672035 22676749 #c00000
07 0 22827257 22831020 #c00000
07 0 23208713 23210602 #c00000
07 0 24348232 24351636 #c00000
07 0 24456130 24459910 #9a029a
07 0 24621258 24624512 #c00000
07 0 25517020 25522911 #c00000
07 0 25946135 25950325 #c00000
07 0 28863817 28866172 #c00000
08 0 342215 346733 #9a029a
08 0 974328 978672 #c00000
08 0 2771088 2774334 #c00000
08 0 2878953 2887859 #9a029a
08 0 3108896 3111679 #9a029a
08 0 4106065 4109958 #9a029a
08 0 4111868 4115417 #9a029a
08 0 4135126 4138331 #9a029a
08 0 4147689 4151915 #9a029a
08 0 4344455 4349951 #c00000
08 0 4352911 4360291 #9a029a
08 0 4440181 4448191 #9a029a
08 0 4462101 4470036 #9a029a
08 0 4474830 4485343 #9a029a
08 0 4487727 4491239 #9a029a
08 0 5274864 5279294 #9a029a
08 0 5466374 5469304 #9a029a
08 0 5879195 5894289 #c00000
08 0 5942667 5959825 #c00000
08 0 5980963 5988795 #c00000
08 0 5998249 6005220 #c00000
08 0 6015818 6023009 #c00000
08 0 6032317 6038800 #c00000
08 0 6040604 6048426 #c00000
08 0 6138056 6141369 #9a029a
08 0 7545756 7551330 #9a029a
08 0 8232048 8236739 #9a029a
08 0 8904320 8908418 #9a029a
08 0 8922893 8926372 #9a029a
08 0 8939573 8952792 #9a029a
08 0 9001834 9005091 #c00000
08 0 9016956 9020091 #c00000
08 0 9025842 9027314 #1440cd
08 0 9039794 9043065 #c00000
08 0 9668388 9671380 #9a029a
08 0 9795796 9798581 #9a029a
08 0 9825247 9828282 #9a029a
08 0 10071863 10081110 #9a029a
08 0 10142393 10144699 #1440cd
08 0 10655777 10658260 #c00000
08 0 11785981 11798031 #9a029a
08 0 11960965 11965754 #9a029a
08 0 11974848 11981653 #9a029a
08 0 14055935 14058411 #1440cd
08 0 14673055 14679181 #c00000
08 0 14715688 14717605 #9a029a
08 0 15431639 15435283 #c00000
08 0 17369322 17372231 #9a029a
08 0 17427398 17431441 #9a029a
08 0 17451968 17455703 #9a029a
08 0 17650844 17653845 #c00000
08 0 18320579 18329828 #9a029a
08 0 18346022 18357343 #9a029a
08 0 19124597 19127727 #9a029a
08 0 19694445 19697858 #9a029a
08 0 19701779 19705239 #9a029a
08 0 19715720 19719130 #9a029a
08 0 20389564 20392287 #9a029a
08 0 20395487 20398228 #9a029a
08 0 20566490 20569373 #c00000
08 0 21578673 21583488 #c00000
08 0 21756840 21760608 #c00000
08 0 21766424 21770154 #c00000
08 0 24379176 24382760 #c00000
08 0 25016176 25017318 #1440cd
08 0 25034740 25037867 #9a029a
08 0 25060836 25062892 #c00000
08 0 25735566 25743180 #c00000
08 0 25931158 25933872 #c00000
08 0 26159872 26161589 #1440cd
08 0 26968958 26978129 #9a029a
08 0 26989744 26997370 #9a029a
08 0 27016962 27027229 #9a029a
08 0 27085344 27089248 #1440cd
08 0 27175631 27179263 #9a029a
08 0 27181693 27185247 #9a029a
08 0 27206270 27209931 #9a029a
08 0 28290492 28292480 #c00000
09 0 906946 909401 #c00000
09 0 2385669 2386499 #1440cd
09 0 3798784 3805649 #9a029a
09 0 5110134 5115429 #9a029a
09 0 5276098 5278830 #9a029a
09 0 5480811 5483585 #9a029a
09 0 6117013 6120137 #9a029a
09 0 6955267 6958911 #c00000
09 0 8118804 8122656 #9a029a
09 0 8265020 8267832 #9a029a
09 0 8313107 8316031 #9a029a
09 0 8349102 8354311 #9a029a
09 0 8511145 8516455 #9a029a
09 0 8537185 8541654 #9a029a
09 0 8568977 8572069 #9a029a
09 0 9577918 9581077 #c00000
09 0 9667216 9674617 #9a029a
09 0 9681913 9688128 #9a029a
09 0 9777527 9780698 #9a029a
09 0 10785210 10793679 #c00000
09 0 10805607 10808220 #9a029a
09 0 10956083 10965501 #c00000
09 0 11020020 11028730 #c00000
09 0 11031186 11039914 #c00000
09 0 11123595 11143786 #c00000
09 0 11171639 11184394 #c00000
09 0 11208000 11213452 #c00000
09 0 11259049 11268028 #c00000
09 0 11360268 11372007 #c00000
09 0 11387269 11394712 #c00000
09 0 11427220 11436373 #c00000
09 0 11483874 11506443 #c00000
09 0 11540747 11556180 #9a029a
09 0 11576256 11588842 #c00000
09 0 11602220 11622785 #c00000
09 0 11664442 11676423 #c00000
09 0 11990015 11993428 #9a029a
09 0 11998700 12000910 #9a029a
09 0 12005852 12010546 #9a029a
09 0 12627180 12629654 #c00000
09 0 14007974 14009920 #c00000
09 0 15320529 15323851 #c00000
09 0 17321153 17323447 #1440cd
09 0 18375761 18379227 #c00000
09 0 18392619 18395863 #9a029a
09 0 18402696 18405860 #9a029a
09 0 20157913 20162092 #9a029a
09 0 20163094 20167776 #9a029a
09 0 22243912 22248582 #c00000
10 0 926688 930020 #c00000
10 0 1243478 1266469 #c00000
10 0 1308414 1310915 #1440cd
10 0 1455951 1457102 #c00000
10 0 1642565 1646770 #9a029a
10 0 1871171 1875535 #9a029a
10 0 1889550 1893315 #9a029a
10 0 1897784 1902520 #9a029a
10 0 1904371 1909316 #9a029a
10 0 1949639 1955667 #9a029a
10 0 2018955 2026044 #9a029a
10 0 2226816 2230133 #9a029a
10 0 2760613 2769756 #c00000
10 0 3500565 3504118 #c00000
10 0 3514904 3518383 #c00000
10 0 3908782 3911196 #9a029a
10 0 4026942 4029695 #9a029a
10 0 4095939 4096994 #9a029a
10 0 4210618 4221209 #9a029a
10 0 4263441 4266212 #9a029a
10 0 5694454 5697138 #9a029a
10 0 7592072 7595448 #c00000
10 0 8939933 8942517 #9a029a
10 0 9667167 9670437 #c00000
10 0 9757144 9760481 #c00000
10 0 10956347 10959148 #9a029a
10 0 11088189 11091676 #c00000
10 0 11186975 11188483 #c00000
10 0 11525808 11535391 #9a029a
10 0 11555258 11556692 #9a029a
10 0 11649918 11659058 #9a029a
10 0 11662716 11666221 #9a029a
10 0 11880133 11883412 #c00000
10 0 11896459 11899715 #c00000
10 0 11907869 11919360 #1440cd
10 0 12923365 12928252 #c00000
10 0 13172543 13183045 #9a029a
10 0 15859880 15860335 #1440cd
10 0 17267253 17273068 #c00000
10 0 17312331 17316558 #c00000
10 0 17319339 17322239 #1440cd
10 0 17331462 17334917 #1440cd
10 0 17346611 17349754 #1440cd
10 0 17358475 17361621 #1440cd
10 0 17365232 17366767 #1440cd
10 0 17606602 17611597 #9a029a
10 0 18697593 18700089 #c00000
10 0 19392444 19396400 #9a029a
10 0 19398872 19400883 #9a029a
10 0 20537770 20540484 #1440cd
10 0 20652467 20654875 #c00000
10 0 22544858 22550271 #9a029a
11 0 117428 124018 #c00000
11 0 359314 362351 #c00000
11 0 1416803 1420414 #9a029a
11 0 3151566 3151937 #1440cd
11 0 3518685 3521917 #c00000
11 0 3536729 3539862 #c00000
11 0 3542200 3545338 #c00000
11 0 3549927 3551715 #1440cd
11 0 3552205 3553648 #c00000
11 0 3555217 3557873 #c00000
11 0 3565702 3568839 #c00000
11 0 3581091 3584159 #c00000
11 0 3589301 3592448 #c00000
11 0 3617169 3620343 #c00000
11 0 3627548 3630687 #c00000
11 0 3635355 3638496 #c00000
11 0 3640868 3644003 #c00000
11 0 3649576 3652735 #c00000
11 0 3658095 3661255 #c00000
11 0 3664612 3667770 #c00000
11 0 4851055 4852938 #1440cd
11 0 4860885 4862816 #1440cd
11 0 5593224 5603025 #c00000
11 0 5777640 5787794 #9a029a
11 0 5797007 5801720 #9a029a
11 0 5820908 5828666 #9a029a
11 0 5889439 5891844 #1440cd
11 0 5908403 5918930 #9a029a
11 0 6420903 6424186 #9a029a
11 0 6532861 6535926 #9a029a
11 0 6542301 6545738 #9a029a
11 0 6554528 6561363 #9a029a
11 0 6609397 6616027 #9a029a
11 0 6621724 6625668 #9a029a
11 0 6631958 6634662 #9a029a
11 0 6638398 6641127 #9a029a
11 0 6655976 6662950 #9a029a
11 0 6677780 6680518 #9a029a
11 0 6695477 6697420 #9a029a
11 0 6705779 6708520 #9a029a
11 0 6838379 6847399 #9a029a
11 0 6872037 6877418 #9a029a
11 0 6881849 6884566 #9a029a
11 0 6893306 6896011 #9a029a
11 0 6896964 6898597 #9a029a
11 0 7011824 7014876 #c00000
11 0 7056514 7058010 #1440cd
11 0 7104335 7109820 #c00000
11 0 7342102 7345704 #9a029a
11 0 7356166 7359604 #9a029a
11 0 7365098 7367861 #9a029a
11 0 7404844 7408213 #9a029a
11 0 7712222 7715233 #9a029a
11 0 7797075 7802392 #c00000
11 0 7857072 7862395 #9a029a
11 0 8072576 8077937 #9a029a
11 0 8096740 8099087 #c00000
11 0 8568422 8572164 #9a029a
11 0 8780013 8783115 #9a029a
11 0 8883111 8886196 #9a029a
11 0 9109606 9112460 #9a029a
11 0 9146406 9150827 #9a029a
11 0 9423703 9432396 #9a029a
11 0 9505035 9509376 #9a029a
11 0 9663116 9667466 #9a029a
11 0 11212750 11223779 #c00000
11 0 11776420 11780046 #c00000
11 0 13743944 13749580 #9a029a
11 0 14960969 14967835 #c00000
11 0 15786746 15791270 #9a029a
11 0 15793129 15796730 #9a029a
11 0 15796775 15803937 #9a029a
11 0 16751786 16758976 #9a029a
11 0 16782053 16795588 #9a029a
11 0 16807964 16826334 #9a029a
11 0 16849043 16852227 #9a029a
11 0 16860235 16864216 #9a029a
11 0 17127219 17132216 #9a029a
11 0 17290977 17294288 #c00000
11 0 17388238 17393700 #9a029a
11 0 17411995 17417481 #9a029a
11 0 17425545 17429007 #9a029a
11 0 17434258 17438286 #9a029a
11 0 17452031 17455221 #9a029a
11 0 17479444 17483263 #9a029a
11 0 17484860 17489555 #9a029a
11 0 17561346 17565177 #9a029a
11 0 18994678 18999281 #9a029a
11 0 19025062 19029390 #9a029a
11 0 20445124 20449939 #9a029a
11 0 20461652 20464511 #9a029a
11 0 20492223 20500328 #9a029a
11 0 20643384 20647630 #9a029a
11 0 20748838 20751918 #1440cd
11 0 20770119 20773079 #1440cd
11 0 20773764 20777790 #1440cd
11 0 20796674 20799439 #1440cd
11 0 20802978 20806262 #c00000
11 0 20837149 20839451 #1440cd
11 0 20859839 20862658 #9a029a
11 0 20893320 20895683 #1440cd
11 0 20902236 20905517 #1440cd
11 0 21006454 21008486 #1440cd
11 0 21016639 21020003 #1440cd
11 0 21031351 21034395 #1440cd
11 0 21034893 21036871 #1440cd
11 0 21040942 21043791 #1440cd
11 0 21079383 21082340 #1440cd
11 0 21131670 21132155 #1440cd
11 0 21143007 21144542 #1440cd
11 0 21145951 21148697 #1440cd
11 0 21156828 21158849 #1440cd
11 0 21175718 21177796 #1440cd
11 0 21210711 21216313 #c00000
11 0 21232639 21235267 #1440cd
11 0 21243403 21246815 #c00000
11 0 21251207 21254525 #c00000
11 0 21261353 21265799 #c00000
11 0 21273533 21277443 #c00000
11 0 21285150 21288507 #c00000
11 0 21297830 21301183 #c00000
11 0 21469073 21472105 #9a029a
11 0 21860688 21863852 #9a029a
11 0 21872080 21876342 #9a029a
11 0 22315257 22318839 #9a029a
11 0 22329989 22333621 #9a029a
11 0 22351283 22355783 #9a029a
11 0 22366978 22370692 #9a029a
11 0 22419268 22423063 #9a029a
11 0 22428415 22434101 #9a029a
11 0 22442247 22445393 #9a029a
11 0 22451636 22455220 #9a029a
11 0 22763793 22767680 #9a029a
11 0 22799734 22801577 #9a029a
11 0 22823283 22827551 #9a029a
11 0 22862447 22866319 #9a029a
11 0 23308317 23313424 #9a029a
11 0 23333825 23336990 #9a029a
11 0 23361134 23378368 #9a029a
11 0 23389773 23397581 #9a029a
11 0 23404012 23406960 #9a029a
11 0 23409123 23412819 #9a029a
11 0 23415625 23418638 #9a029a
11 0 23419441 23423958 #9a029a
11 0 23431702 23435553 #c00000
11 0 23675579 23678380 #9a029a
11 0 24192161 24194868 #c00000
11 0 24387280 24390444 #9a029a
11 0 24421633 24438281 #c00000
11 0 24476699 24481312 #c00000
11 0 24533984 24537451 #c00000
11 0 24616115 24619580 #c00000
11 0 24664564 24667700 #9a029a
11 0 24669544 24672705 #9a029a
11 0 24715527 24717110 #9a029a
11 0 25263256 25264737 #9a029a
11 0 25289719 25292526 #9a029a
11 0 25316103 25318049 #9a029a
11 0 25321843 25325199 #9a029a
11 0 25338994 25345292 #9a029a
11 0 25358357 25360219 #9a029a
11 0 25552112 25553305 #1440cd
11 0 25626858 25631192 #9a029a
11 0 25633166 25637797 #9a029a
11 0 25695249 25700023 #9a029a
11 0 25734766 25737003 #9a029a
11 0 25758921 25763215 #9a029a
11 0 26028260 26032291 #9a029a
11 0 26081886 26082541 #9a029a
11 0 26088577 26091123 #9a029a
11 0 26140273 26143056 #9a029a
11 0 26195346 26197784 #9a029a
11 0 26213036 26215776 #9a029a
11 0 26217830 26220748 #9a029a
11 0 26253962 26257108 #9a029a
11 0 26260142 26261416 #9a029a
11 0 26377263 26380866 #9a029a
11 0 26443000 26444475 #9a029a
11 0 26953151 26955595 #9a029a
11 0 27221855 27224956 #9a029a
11 0 27234199 27237260 #9a029a
11 0 27242070 27245161 #9a029a
11 0 27261093 27264194 #9a029a
11 0 27269586 27272680 #9a029a
11 0 27282232 27285045 #9a029a
11 0 27318942 27322040 #9a029a
11 0 27342028 27345123 #9a029a
11 0 27350120 27353218 #9a029a
11 0 27427776 27430560 #9a029a
11 0 27596830 27604492 #9a029a
11 0 27703916 27707213 #9a029a
11 0 27734371 27736559 #9a029a
11 0 27788716 27792722 #9a029a
11 0 27793837 27797377 #9a029a
11 0 27812251 27818431 #9a029a
11 0 27820309 27824507 #9a029a
11 0 27894560 27909044 #9a029a
11 0 27920064 27930564 #9a029a
11 0 27978368 27983597 #9a029a
11 0 27985583 27988874 #9a029a
11 0 28224689 28228104 #c00000
11 0 28228913 28232303 #c00000
11 0 28236014 28239407 #c00000
11 0 28246863 28250420 #c00000
11 0 28255779 28259210 #c00000
11 0 28371257 28374891 #c00000
11 0 28376327 28379731 #c00000
11 0 28399360 28402773 #c00000
11 0 28407715 28411141 #c00000
11 0 28435136 28438467 #c00000
11 0 28444371 28447804 #c00000
11 0 28451391 28454816 #c00000
11 0 28652727 28655693 #9a029a
11 0 28812073 28815723 #9a029a
12 0 113039 119819 #c00000
12 0 418325 421307 #c00000
12 0 1159835 1163795 #9a029a
12 0 1521080 1527158 #9a029a
12 0 2251470 2253883 #c00000
12 0 2732246 2733167 #1440cd
12 0 2857316 2858560 #1440cd
12 0 3375469 3381282 #9a029a
12 0 4178921 4182455 #c00000
12 0 4836884 4841595 #9a029a
12 0 5125202 5129674 #9a029a
12 0 5139362 5147753 #9a029a
12 0 5377183 5381492 #9a029a
12 0 5508932 5514947 #9a029a
12 0 5746762 5751366 #9a029a
12 0 5766155 5773052 #c00000
12 0 5856217 5859264 #1440cd
12 0 5904580 5907620 #1440cd
12 0 6138866 6141910 #1440cd
12 0 6224244 6227225 #1440cd
12 0 6231368 6235528 #1440cd
12 0 6340837 6343956 #1440cd
12 0 6356947 6360006 #1440cd
12 0 6447258 6450275 #1440cd
12 0 6506734 6509781 #1440cd
12 0 6517869 6520549 #1440cd
12 0 6583346 6586345 #1440cd
12 0 6647326 6650382 #1440cd
12 0 6650963 6654040 #1440cd
12 0 7419857 7427332 #c00000
12 0 8162099 8165001 #9a029a
12 0 9783200 9786414 #9a029a
12 0 9804360 9806472 #9a029a
12 0 9925755 9929337 #9a029a
12 0 9980554 9984317 #9a029a
12 0 9986281 9988298 #9a029a
12 0 10010499 10014292 #9a029a
12 0 10017184 10021360 #9a029a
12 0 10058717 10061686 #1440cd
12 0 10624068 10633356 #9a029a
12 0 16537555 16539872 #9a029a
12 0 16590710 16594932 #9a029a
12 0 17354834 17357230 #9a029a
12 0 17362970 17365528 #9a029a
12 0 17563578 17564929 #1440cd
12 0 17708000 17712514 #9a029a
12 0 17735989 17740563 #9a029a
12 0 17758510 17763084 #9a029a
12 0 18007084 18010421 #9a029a
12 0 18446075 18450017 #9a029a
12 0 18469213 18472783 #9a029a
12 0 18758337 18763931 #9a029a
12 0 18783467 18787349 #9a029a
12 0 18922804 18931492 #c00000
12 0 19044126 19046831 #9a029a
12 0 19705320 19709694 #9a029a
12 0 19729777 19734112 #9a029a
12 0 19754488 19757913 #9a029a
12 0 20063128 20066336 #9a029a
12 0 22477355 22480913 #9a029a
12 0 22488663 22491820 #9a029a
12 0 22498738 22501901 #9a029a
12 0 22867479 22869189 #9a029a
12 0 22872891 22886341 #9a029a
12 0 23167272 23171648 #9a029a
12 0 23184701 23188325 #9a029a
12 0 23192692 23195981 #9a029a
12 0 23338183 23344845 #c00000
12 0 24455559 24458985 #9a029a
12 0 26415934 26419191 #c00000
12 0 27109127 27112150 #c00000
12 0 27122673 27125832 #c00000
12 0 27340489 27344060 #c00000