0 0 0 200000 #7AA1D2
1 0 0 200000 #7dc7d2
1 0 200001 400000 #7AA1D2
1 0 400001 600000 #7AA1D2
1 0 600001 800000 #bce2ca
1 0 800001 1000000 #7AA1D2
1 0 1000001 1200000 #7AA1D2
1 0 1200001 1400000 #7dc7d2
1 0 1400001 1600000 #7AA1D2
1 0 1600001 1800000 #7dc7d2
1 0 1800001 2000000 #7dc7d2
1 0 2000001 2200000 #7dc7d2
1 0 2200001 2400000 #7AA1D2
1 0 2400001 2600000 #7AA1D2
1 0 2600001 2800000 #d5e1b5
1 0 2800001 3000000 #f4a769
1 0 3000001 3200000 #f4a769
1 0 3200001 3400000 #f4a769
1 0 3400001 3600000 #7dc7d2
1 0 3600001 3800000 #bce2ca
1 0 3800001 4000000 #7AA1D2
1 0 4000001 4200000 #7dc7d2
1 0 4200001 4400000 #7AA1D2
1 0 4400001 4600000 #7AA1D2
1 0 4600001 4800000 #7AA1D2
1 0 4800001 5000000 #7AA1D2
1 0 5000001 5200000 #7AA1D2
1 0 5200001 5400000 #7AA1D2
1 0 5400001 5600000 #7AA1D2
1 0 5600001 5800000 #7AA1D2
1 0 5800001 6000000 #7dc7d2
1 0 6000001 6200000 #7AA1D2
1 0 6200001 6400000 #7AA1D2
1 0 6400001 6600000 #7AA1D2
1 0 6600001 6800000 #7dc7d2
1 0 6800001 7000000 #7AA1D2
1 0 7000001 7200000 #7dc7d2
1 0 7200001 7400000 #7AA1D2
1 0 7400001 7600000 #7AA1D2
1 0 7600001 7800000 #7dc7d2
1 0 7800001 8000000 #7AA1D2
1 0 8000001 8200000 #7AA1D2
1 0 8200001 8400000 #7AA1D2
1 0 8400001 8600000 #7AA1D2
1 0 8600001 8800000 #7dc7d2
1 0 8800001 9000000 #7AA1D2
1 0 9000001 9200000 #7AA1D2
1 0 9200001 9400000 #d5e1b5
1 0 9400001 9600000 #7AA1D2
1 0 9600001 9800000 #7AA1D2
1 0 9800001 10000000 #bce2ca
1 0 10000001 10200000 #7AA1D2
1 0 10200001 10400000 #7AA1D2
1 0 10400001 10600000 #7AA1D2
1 0 10600001 10800000 #7AA1D2
1 0 10800001 11000000 #7AA1D2
1 0 11000001 11200000 #7AA1D2
1 0 11200001 11400000 #7AA1D2
1 0 11400001 11600000 #7dc7d2
1 0 11600001 11800000 #7AA1D2
1 0 11800001 12000000 #7AA1D2
1 0 12000001 12200000 #7AA1D2
1 0 12200001 12400000 #7AA1D2
1 0 12400001 12600000 #7AA1D2
1 0 12600001 12800000 #7AA1D2
1 0 12800001 13000000 #7AA1D2
1 0 13000001 13200000 #7dc7d2
1 0 13200001 13400000 #7AA1D2
1 0 13400001 13600000 #7AA1D2
1 0 13600001 13800000 #7AA1D2
1 0 13800001 14000000 #7dc7d2
1 0 14000001 14200000 #7AA1D2
1 0 14200001 14400000 #7AA1D2
1 0 14400001 14600000 #e8ce92
1 0 14600001 14800000 #7dc7d2
1 0 14800001 15000000 #7AA1D2
1 0 15000001 15200000 #7AA1D2
1 0 15200001 15400000 #7AA1D2
1 0 15400001 15600000 #7AA1D2
1 0 15600001 15800000 #7AA1D2
1 0 15800001 16000000 #7AA1D2
1 0 16000001 16200000 #7AA1D2
1 0 16200001 16400000 #7AA1D2
1 0 16400001 16600000 #7AA1D2
1 0 16600001 16800000 #7AA1D2
1 0 16800001 17000000 #7AA1D2
1 0 17000001 17200000 #7AA1D2
1 0 17200001 17400000 #7AA1D2
1 0 17400001 17600000 #7AA1D2
1 0 17600001 17800000 #7AA1D2
1 0 17800001 18000000 #7AA1D2
1 0 18000001 18200000 #7AA1D2
1 0 18200001 18400000 #bce2ca
1 0 18400001 18600000 #bce2ca
1 0 18600001 18800000 #bce2ca
1 0 18800001 19000000 #7AA1D2
1 0 19000001 19200000 #7AA1D2
1 0 19200001 19400000 #7AA1D2
1 0 19400001 19600000 #7dc7d2
1 0 19600001 19800000 #7AA1D2
1 0 19800001 20000000 #7AA1D2
1 0 20000001 20200000 #7AA1D2
1 0 20200001 20400000 #7dc7d2
1 0 20400001 20600000 #7AA1D2
1 0 20600001 20800000 #7AA1D2
1 0 20800001 21000000 #7AA1D2
1 0 21000001 21200000 #7AA1D2
1 0 21200001 21400000 #7AA1D2
1 0 21400001 21600000 #7AA1D2
1 0 21600001 21800000 #7AA1D2
1 0 21800001 22000000 #7AA1D2
1 0 22000001 22200000 #7AA1D2
1 0 22200001 22400000 #7dc7d2
1 0 22400001 22600000 #7AA1D2
1 0 22600001 22800000 #7AA1D2
1 0 22800001 23000000 #7AA1D2
1 0 23000001 23200000 #7AA1D2
1 0 23200001 23400000 #7AA1D2
1 0 23400001 23600000 #7AA1D2
1 0 23600001 23800000 #f4a769
1 0 23800001 24000000 #7dc7d2
1 0 24000001 24200000 #7dc7d2
1 0 24200001 24400000 #7AA1D2
1 0 24400001 24600000 #7AA1D2
1 0 24600001 24800000 #7AA1D2
1 0 24800001 25000000 #7AA1D2
1 0 25000001 25200000 #7AA1D2
1 0 25200001 25400000 #7AA1D2
1 0 25400001 25600000 #7AA1D2
1 0 25600001 25800000 #7AA1D2
1 0 25800001 26000000 #7AA1D2
1 0 26000001 26200000 #7AA1D2
1 0 26200001 26400000 #7AA1D2
1 0 26400001 26600000 #7AA1D2
1 0 26600001 26800000 #7AA1D2
1 0 26800001 27000000 #7AA1D2
1 0 27000001 27200000 #7AA1D2
1 0 27200001 27400000 #7AA1D2
1 0 27400001 27600000 #7AA1D2
1 0 27600001 27800000 #7dc7d2
1 0 27800001 28000000 #7dc7d2
1 0 28000001 28200000 #7AA1D2
1 0 28200001 28400000 #7AA1D2
1 0 28400001 28600000 #7AA1D2
1 0 28600001 28800000 #bce2ca
1 0 28800001 29000000 #7AA1D2
1 0 29000001 29200000 #7AA1D2
1 0 29200001 29400000 #7AA1D2
1 0 29400001 29600000 #7dc7d2
1 0 29600001 29800000 #7AA1D2
1 0 29800001 30000000 #7dc7d2
1 0 30000001 30200000 #7AA1D2
1 0 30200001 30400000 #7AA1D2
1 0 30400001 30600000 #7AA1D2
1 0 30600001 30800000 #7AA1D2
1 0 30800001 31000000 #7AA1D2
1 0 31000001 31200000 #7dc7d2
1 0 31200001 31400000 #7AA1D2
1 0 31400001 31600000 #7dc7d2
1 0 31600001 31800000 #7AA1D2
1 0 31800001 32000000 #7AA1D2
1 0 32000001 32200000 #7AA1D2
1 0 32200001 32400000 #7AA1D2
1 0 32400001 32600000 #7AA1D2
1 0 32600001 32800000 #7AA1D2
1 0 32800001 33000000 #7AA1D2
1 0 33000001 33200000 #e8ce92
1 0 33200001 33400000 #7AA1D2
1 0 33400001 33600000 #7dc7d2
1 0 33600001 33800000 #7AA1D2
1 0 33800001 34000000 #bce2ca
1 0 34000001 34200000 #7AA1D2
1 0 34200001 34400000 #bce2ca
1 0 34400001 34600000 #d5e1b5
1 0 34600001 34800000 #7dc7d2
1 0 34800001 35000000 #bce2ca
1 0 35000001 35200000 #7dc7d2
1 0 35200001 35400000 #7AA1D2
1 0 35400001 35600000 #7AA1D2
1 0 35600001 35800000 #7AA1D2
1 0 35800001 36000000 #7AA1D2
1 0 36000001 36200000 #7AA1D2
1 0 36200001 36400000 #7AA1D2
1 0 36400001 36600000 #7AA1D2
1 0 36600001 36800000 #7AA1D2
1 0 36800001 37000000 #7AA1D2
1 0 37000001 37200000 #7AA1D2
1 0 37200001 37400000 #7AA1D2
1 0 37400001 37600000 #7AA1D2
1 0 37600001 37800000 #7AA1D2
1 0 37800001 38000000 #7AA1D2
1 0 38000001 38200000 #7dc7d2
1 0 38200001 38400000 #7AA1D2
1 0 38400001 38600000 #7AA1D2
1 0 38600001 38800000 #d5e1b5
1 0 38800001 39000000 #7AA1D2
1 0 39000001 39200000 #7AA1D2
1 0 39200001 39400000 #7AA1D2
1 0 39400001 39600000 #7AA1D2
1 0 39600001 39800000 #7AA1D2
1 0 39800001 40000000 #7AA1D2
1 0 40000001 40200000 #7dc7d2
1 0 40200001 40400000 #7AA1D2
1 0 40400001 40600000 #7dc7d2
1 0 40600001 40800000 #7AA1D2
1 0 40800001 41000000 #7AA1D2
1 0 41000001 41200000 #bce2ca
1 0 41200001 41400000 #7AA1D2
1 0 41400001 41600000 #7AA1D2
1 0 41600001 41800000 #7dc7d2
1 0 41800001 42000000 #bce2ca
1 0 42000001 42200000 #bce2ca
1 0 42200001 42400000 #7dc7d2
1 0 42400001 42600000 #7AA1D2
1 0 42600001 42800000 #7AA1D2
1 0 42800001 43000000 #7AA1D2
1 0 43000001 43200000 #7dc7d2
1 0 43200001 43270923 #7AA1D2
2 0 0 200000 #7dc7d2
2 0 200001 400000 #7AA1D2
2 0 400001 600000 #7dc7d2
2 0 600001 800000 #7dc7d2
2 0 800001 1000000 #e8ce92
2 0 1000001 1200000 #7AA1D2
2 0 1200001 1400000 #7AA1D2
2 0 1400001 1600000 #7AA1D2
2 0 1600001 1800000 #7AA1D2
2 0 1800001 2000000 #7dc7d2
2 0 2000001 2200000 #7dc7d2
2 0 2200001 2400000 #7AA1D2
2 0 2400001 2600000 #7AA1D2
2 0 2600001 2800000 #7dc7d2
2 0 2800001 3000000 #f4a769
2 0 3000001 3200000 #f4a769
2 0 3200001 3400000 #bce2ca
2 0 3400001 3600000 #7AA1D2
2 0 3600001 3800000 #7AA1D2
2 0 3800001 4000000 #7AA1D2
2 0 4000001 4200000 #bce2ca
2 0 4200001 4400000 #7AA1D2
2 0 4400001 4600000 #7AA1D2
2 0 4600001 4800000 #7AA1D2
2 0 4800001 5000000 #7AA1D2
2 0 5000001 5200000 #bce2ca
2 0 5200001 5400000 #bce2ca
2 0 5400001 5600000 #7AA1D2
2 0 5600001 5800000 #7AA1D2
2 0 5800001 6000000 #7AA1D2
2 0 6000001 6200000 #7dc7d2
2 0 6200001 6400000 #e8ce92
2 0 6400001 6600000 #e8ce92
2 0 6600001 6800000 #7AA1D2
2 0 6800001 7000000 #bce2ca
2 0 7000001 7200000 #d5e1b5
2 0 7200001 7400000 #7dc7d2
2 0 7400001 7600000 #bce2ca
2 0 7600001 7800000 #7dc7d2
2 0 7800001 8000000 #7dc7d2
2 0 8000001 8200000 #7AA1D2
2 0 8200001 8400000 #7AA1D2
2 0 8400001 8600000 #7AA1D2
2 0 8600001 8800000 #7AA1D2
2 0 8800001 9000000 #7AA1D2
2 0 9000001 9200000 #bce2ca
2 0 9200001 9400000 #d5e1b5
2 0 9400001 9600000 #7AA1D2
2 0 9600001 9800000 #7AA1D2
2 0 9800001 10000000 #7dc7d2
2 0 10000001 10200000 #7dc7d2
2 0 10200001 10400000 #bce2ca
2 0 10400001 10600000 #e8ce92
2 0 10600001 10800000 #bce2ca
2 0 10800001 11000000 #7AA1D2
2 0 11000001 11200000 #7AA1D2
2 0 11200001 11400000 #7AA1D2
2 0 11400001 11600000 #7dc7d2
2 0 11600001 11800000 #7dc7d2
2 0 11800001 12000000 #7dc7d2
2 0 12000001 12200000 #bce2ca
2 0 12200001 12400000 #7AA1D2
2 0 12400001 12600000 #7AA1D2
2 0 12600001 12800000 #7AA1D2
2 0 12800001 13000000 #7AA1D2
2 0 13000001 13200000 #7AA1D2
2 0 13200001 13400000 #7AA1D2
2 0 13400001 13600000 #7AA1D2
2 0 13600001 13800000 #7AA1D2
2 0 13800001 14000000 #7AA1D2
2 0 14000001 14200000 #7AA1D2
2 0 14200001 14400000 #7AA1D2
2 0 14400001 14600000 #7AA1D2
2 0 14600001 14800000 #7AA1D2
2 0 14800001 15000000 #7AA1D2
2 0 15000001 15200000 #7dc7d2
2 0 15200001 15400000 #7AA1D2
2 0 15400001 15600000 #7AA1D2
2 0 15600001 15800000 #7AA1D2
2 0 15800001 16000000 #7AA1D2
2 0 16000001 16200000 #7AA1D2
2 0 16200001 16400000 #bce2ca
2 0 16400001 16600000 #7dc7d2
2 0 16600001 16800000 #7AA1D2
2 0 16800001 17000000 #7AA1D2
2 0 17000001 17200000 #7AA1D2
2 0 17200001 17400000 #7AA1D2
2 0 17400001 17600000 #7AA1D2
2 0 17600001 17800000 #7AA1D2
2 0 17800001 18000000 #7dc7d2
2 0 18000001 18200000 #7dc7d2
2 0 18200001 18400000 #7AA1D2
2 0 18400001 18600000 #7dc7d2
2 0 18600001 18800000 #7AA1D2
2 0 18800001 19000000 #7AA1D2
2 0 19000001 19200000 #7AA1D2
2 0 19200001 19400000 #7AA1D2
2 0 19400001 19600000 #7AA1D2
2 0 19600001 19800000 #7AA1D2
2 0 19800001 20000000 #7AA1D2
2 0 20000001 20200000 #7AA1D2
2 0 20200001 20400000 #7AA1D2
2 0 20400001 20600000 #7AA1D2
2 0 20600001 20800000 #7AA1D2
2 0 20800001 21000000 #bce2ca
2 0 21000001 21200000 #7dc7d2
2 0 21200001 21400000 #7AA1D2
2 0 21400001 21600000 #7AA1D2
2 0 21600001 21800000 #7AA1D2
2 0 21800001 22000000 #7AA1D2
2 0 22000001 22200000 #7AA1D2
2 0 22200001 22400000 #7AA1D2
2 0 22400001 22600000 #7AA1D2
2 0 22600001 22800000 #7AA1D2
2 0 22800001 23000000 #7AA1D2
2 0 23000001 23200000 #7AA1D2
2 0 23200001 23400000 #7dc7d2
2 0 23400001 23600000 #7AA1D2
2 0 23600001 23800000 #7dc7d2
2 0 23800001 24000000 #bce2ca
2 0 24000001 24200000 #7AA1D2
2 0 24200001 24400000 #d5e1b5
2 0 24400001 24600000 #7AA1D2
2 0 24600001 24800000 #7AA1D2
2 0 24800001 25000000 #7AA1D2
2 0 25000001 25200000 #7dc7d2
2 0 25200001 25400000 #7AA1D2
2 0 25400001 25600000 #7dc7d2
2 0 25600001 25800000 #7AA1D2
2 0 25800001 26000000 #7AA1D2
2 0 26000001 26200000 #7AA1D2
2 0 26200001 26400000 #7AA1D2
2 0 26400001 26600000 #7AA1D2
2 0 26600001 26800000 #7AA1D2
2 0 26800001 27000000 #7AA1D2
2 0 27000001 27200000 #7AA1D2
2 0 27200001 27400000 #7AA1D2
2 0 27400001 27600000 #7AA1D2
2 0 27600001 27800000 #7AA1D2
2 0 27800001 28000000 #7AA1D2
2 0 28000001 28200000 #7AA1D2
2 0 28200001 28400000 #7AA1D2
2 0 28400001 28600000 #7AA1D2
2 0 28600001 28800000 #7AA1D2
2 0 28800001 29000000 #7AA1D2
2 0 29000001 29200000 #7AA1D2
2 0 29200001 29400000 #7AA1D2
2 0 29400001 29600000 #7AA1D2
2 0 29600001 29800000 #7AA1D2
2 0 29800001 30000000 #7AA1D2
2 0 30000001 30200000 #7AA1D2
2 0 30200001 30400000 #7dc7d2
2 0 30400001 30600000 #7AA1D2
2 0 30600001 30800000 #7AA1D2
2 0 30800001 31000000 #7AA1D2
2 0 31000001 31200000 #7AA1D2
2 0 31200001 31400000 #7AA1D2
2 0 31400001 31600000 #7AA1D2
2 0 31600001 31800000 #7AA1D2
2 0 31800001 32000000 #7AA1D2
2 0 32000001 32200000 #7AA1D2
2 0 32200001 32400000 #7AA1D2
2 0 32400001 32600000 #7AA1D2
2 0 32600001 32800000 #7AA1D2
2 0 32800001 33000000 #7dc7d2
2 0 33000001 33200000 #7AA1D2
2 0 33200001 33400000 #7AA1D2
2 0 33400001 33600000 #7AA1D2
2 0 33600001 33800000 #7AA1D2
2 0 33800001 34000000 #7AA1D2
2 0 34000001 34200000 #7AA1D2
2 0 34200001 34400000 #7AA1D2
2 0 34400001 34600000 #7AA1D2
2 0 34600001 34800000 #7AA1D2
2 0 34800001 35000000 #7AA1D2
2 0 35000001 35200000 #7dc7d2
2 0 35200001 35400000 #7AA1D2
2 0 35400001 35600000 #7AA1D2
2 0 35600001 35800000 #7dc7d2
2 0 35800001 35937250 #7AA1D2
3 0 0 200000 #7dc7d2
3 0 200001 400000 #7dc7d2
3 0 400001 600000 #7AA1D2
3 0 600001 800000 #7AA1D2
3 0 800001 1000000 #7AA1D2
3 0 1000001 1200000 #7AA1D2
3 0 1200001 1400000 #7AA1D2
3 0 1400001 1600000 #7dc7d2
3 0 1600001 1800000 #7AA1D2
3 0 1800001 2000000 #7AA1D2
3 0 2000001 2200000 #7AA1D2
3 0 2200001 2400000 #7AA1D2
3 0 2400001 2600000 #7dc7d2
3 0 2600001 2800000 #7AA1D2
3 0 2800001 3000000 #7AA1D2
3 0 3000001 3200000 #7AA1D2
3 0 3200001 3400000 #7AA1D2
3 0 3400001 3600000 #7AA1D2
3 0 3600001 3800000 #7AA1D2
3 0 3800001 4000000 #7AA1D2
3 0 4000001 4200000 #7AA1D2
3 0 4200001 4400000 #7dc7d2
3 0 4400001 4600000 #7dc7d2
3 0 4600001 4800000 #7AA1D2
3 0 4800001 5000000 #7AA1D2
3 0 5000001 5200000 #7AA1D2
3 0 5200001 5400000 #7AA1D2
3 0 5400001 5600000 #7dc7d2
3 0 5600001 5800000 #7dc7d2
3 0 5800001 6000000 #7dc7d2
3 0 6000001 6200000 #7AA1D2
3 0 6200001 6400000 #7AA1D2
3 0 6400001 6600000 #7dc7d2
3 0 6600001 6800000 #7AA1D2
3 0 6800001 7000000 #7dc7d2
3 0 7000001 7200000 #7AA1D2
3 0 7200001 7400000 #7AA1D2
3 0 7400001 7600000 #7AA1D2
3 0 7600001 7800000 #7AA1D2
3 0 7800001 8000000 #7AA1D2
3 0 8000001 8200000 #7dc7d2
3 0 8200001 8400000 #7AA1D2
3 0 8400001 8600000 #7AA1D2
3 0 8600001 8800000 #7AA1D2
3 0 8800001 9000000 #7dc7d2
3 0 9000001 9200000 #7AA1D2
3 0 9200001 9400000 #7AA1D2
3 0 9400001 9600000 #7AA1D2
3 0 9600001 9800000 #7AA1D2
3 0 9800001 10000000 #7AA1D2
3 0 10000001 10200000 #7AA1D2
3 0 10200001 10400000 #7AA1D2
3 0 10400001 10600000 #7dc7d2
3 0 10600001 10800000 #7AA1D2
3 0 10800001 11000000 #7AA1D2
3 0 11000001 11200000 #7AA1D2
3 0 11200001 11400000 #7AA1D2
3 0 11400001 11600000 #7dc7d2
3 0 11600001 11800000 #7dc7d2
3 0 11800001 12000000 #7AA1D2
3 0 12000001 12200000 #7dc7d2
3 0 12200001 12400000 #7dc7d2
3 0 12400001 12600000 #7dc7d2
3 0 12600001 12800000 #7AA1D2
3 0 12800001 13000000 #7AA1D2
3 0 13000001 13200000 #7AA1D2
3 0 13200001 13400000 #7AA1D2
3 0 13400001 13600000 #7AA1D2
3 0 13600001 13800000 #7AA1D2
3 0 13800001 14000000 #7AA1D2
3 0 14000001 14200000 #7AA1D2
3 0 14200001 14400000 #7AA1D2
3 0 14400001 14600000 #7AA1D2
3 0 14600001 14800000 #7AA1D2
3 0 14800001 15000000 #7AA1D2
3 0 15000001 15200000 #7dc7d2
3 0 15200001 15400000 #7AA1D2
3 0 15400001 15600000 #7AA1D2
3 0 15600001 15800000 #7AA1D2
3 0 15800001 16000000 #7AA1D2
3 0 16000001 16200000 #7dc7d2
3 0 16200001 16400000 #7dc7d2
3 0 16400001 16600000 #7AA1D2
3 0 16600001 16800000 #7AA1D2
3 0 16800001 17000000 #7AA1D2
3 0 17000001 17200000 #7AA1D2
3 0 17200001 17400000 #7AA1D2
3 0 17400001 17600000 #7AA1D2
3 0 17600001 17800000 #7dc7d2
3 0 17800001 18000000 #7AA1D2
3 0 18000001 18200000 #7AA1D2
3 0 18200001 18400000 #7AA1D2
3 0 18400001 18600000 #7AA1D2
3 0 18600001 18800000 #7dc7d2
3 0 18800001 19000000 #7AA1D2
3 0 19000001 19200000 #7AA1D2
3 0 19200001 19400000 #7AA1D2
3 0 19400001 19600000 #7AA1D2
3 0 19600001 19800000 #7AA1D2
3 0 19800001 20000000 #7AA1D2
3 0 20000001 20200000 #7AA1D2
3 0 20200001 20400000 #7AA1D2
3 0 20400001 20600000 #7dc7d2
3 0 20600001 20800000 #7AA1D2
3 0 20800001 21000000 #7dc7d2
3 0 21000001 21200000 #7AA1D2
3 0 21200001 21400000 #bce2ca
3 0 21400001 21600000 #7AA1D2
3 0 21600001 21800000 #7AA1D2
3 0 21800001 22000000 #7AA1D2
3 0 22000001 22200000 #7AA1D2
3 0 22200001 22400000 #bce2ca
3 0 22400001 22600000 #7AA1D2
3 0 22600001 22800000 #7AA1D2
3 0 22800001 23000000 #7AA1D2
3 0 23000001 23200000 #7AA1D2
3 0 23200001 23400000 #7AA1D2
3 0 23400001 23600000 #7AA1D2
3 0 23600001 23800000 #7AA1D2
3 0 23800001 24000000 #7AA1D2
3 0 24000001 24200000 #7AA1D2
3 0 24200001 24400000 #7AA1D2
3 0 24400001 24600000 #7AA1D2
3 0 24600001 24800000 #7AA1D2
3 0 24800001 25000000 #7dc7d2
3 0 25000001 25200000 #7AA1D2
3 0 25200001 25400000 #7AA1D2
3 0 25400001 25600000 #7AA1D2
3 0 25600001 25800000 #7AA1D2
3 0 25800001 26000000 #7AA1D2
3 0 26000001 26200000 #7AA1D2
3 0 26200001 26400000 #7dc7d2
3 0 26400001 26600000 #7AA1D2
3 0 26600001 26800000 #7AA1D2
3 0 26800001 27000000 #7AA1D2
3 0 27000001 27200000 #7AA1D2
3 0 27200001 27400000 #7AA1D2
3 0 27400001 27600000 #bce2ca
3 0 27600001 27800000 #7AA1D2
3 0 27800001 28000000 #bce2ca
3 0 28000001 28200000 #7AA1D2
3 0 28200001 28400000 #7dc7d2
3 0 28400001 28600000 #7AA1D2
3 0 28600001 28800000 #bce2ca
3 0 28800001 29000000 #7AA1D2
3 0 29000001 29200000 #7dc7d2
3 0 29200001 29400000 #7AA1D2
3 0 29400001 29600000 #7dc7d2
3 0 29600001 29800000 #7AA1D2
3 0 29800001 30000000 #7AA1D2
3 0 30000001 30200000 #7AA1D2
3 0 30200001 30400000 #7AA1D2
3 0 30400001 30600000 #bce2ca
3 0 30600001 30800000 #7AA1D2
3 0 30800001 31000000 #7AA1D2
3 0 31000001 31200000 #7AA1D2
3 0 31200001 31400000 #7dc7d2
3 0 31400001 31600000 #7AA1D2
3 0 31600001 31800000 #7AA1D2
3 0 31800001 32000000 #7AA1D2
3 0 32000001 32200000 #bce2ca
3 0 32200001 32400000 #7AA1D2
3 0 32400001 32600000 #7AA1D2
3 0 32600001 32800000 #7AA1D2
3 0 32800001 33000000 #7dc7d2
3 0 33000001 33200000 #7AA1D2
3 0 33200001 33400000 #7AA1D2
3 0 33400001 33600000 #7AA1D2
3 0 33600001 33800000 #7AA1D2
3 0 33800001 34000000 #7AA1D2
3 0 34000001 34200000 #7AA1D2
3 0 34200001 34400000 #7AA1D2
3 0 34400001 34600000 #7AA1D2
3 0 34600001 34800000 #7AA1D2
3 0 34800001 35000000 #7AA1D2
3 0 35000001 35200000 #7AA1D2
3 0 35200001 35400000 #7AA1D2
3 0 35400001 35600000 #7AA1D2
3 0 35600001 35800000 #d5e1b5
3 0 35800001 36413819 #7AA1D2
4 0 0 200000 #d5e1b5
4 0 200001 400000 #7AA1D2
4 0 400001 600000 #7AA1D2
4 0 600001 800000 #d5e1b5
4 0 800001 1000000 #bce2ca
4 0 1000001 1200000 #bce2ca
4 0 1200001 1400000 #bce2ca
4 0 1400001 1600000 #7AA1D2
4 0 1600001 1800000 #7AA1D2
4 0 1800001 2000000 #7AA1D2
4 0 2000001 2200000 #7dc7d2
4 0 2200001 2400000 #7AA1D2
4 0 2400001 2600000 #7AA1D2
4 0 2600001 2800000 #7AA1D2
4 0 2800001 3000000 #7AA1D2
4 0 3000001 3200000 #7AA1D2
4 0 3200001 3400000 #7AA1D2
4 0 3400001 3600000 #7AA1D2
4 0 3600001 3800000 #7AA1D2
4 0 3800001 4000000 #7AA1D2
4 0 4000001 4200000 #7AA1D2
4 0 4200001 4400000 #7AA1D2
4 0 4400001 4600000 #bce2ca
4 0 4600001 4800000 #7AA1D2
4 0 4800001 5000000 #7AA1D2
4 0 5000001 5200000 #7AA1D2
4 0 5200001 5400000 #7AA1D2
4 0 5400001 5600000 #7AA1D2
4 0 5600001 5800000 #7AA1D2
4 0 5800001 6000000 #7AA1D2
4 0 6000001 6200000 #7AA1D2
4 0 6200001 6400000 #7dc7d2
4 0 6400001 6600000 #7dc7d2
4 0 6600001 6800000 #7AA1D2
4 0 6800001 7000000 #7dc7d2
4 0 7000001 7200000 #7dc7d2
4 0 7200001 7400000 #7AA1D2
4 0 7400001 7600000 #7AA1D2
4 0 7600001 7800000 #7AA1D2
4 0 7800001 8000000 #7dc7d2
4 0 8000001 8200000 #bce2ca
4 0 8200001 8400000 #7AA1D2
4 0 8400001 8600000 #f4a769
4 0 8600001 8800000 #7AA1D2
4 0 8800001 9000000 #7AA1D2
4 0 9000001 9200000 #7AA1D2
4 0 9200001 9400000 #7AA1D2
4 0 9400001 9600000 #7AA1D2
4 0 9600001 9800000 #7AA1D2
4 0 9800001 10000000 #7AA1D2
4 0 10000001 10200000 #7AA1D2
4 0 10200001 10400000 #7AA1D2
4 0 10400001 10600000 #7AA1D2
4 0 10600001 10800000 #7AA1D2
4 0 10800001 11000000 #7AA1D2
4 0 11000001 11200000 #7AA1D2
4 0 11200001 11400000 #7AA1D2
4 0 11400001 11600000 #7AA1D2
4 0 11600001 11800000 #7AA1D2
4 0 11800001 12000000 #7AA1D2
4 0 12000001 12200000 #7AA1D2
4 0 12200001 12400000 #7dc7d2
4 0 12400001 12600000 #7dc7d2
4 0 12600001 12800000 #7dc7d2
4 0 12800001 13000000 #7dc7d2
4 0 13000001 13200000 #7AA1D2
4 0 13200001 13400000 #7AA1D2
4 0 13400001 13600000 #7AA1D2
4 0 13600001 13800000 #7AA1D2
4 0 13800001 14000000 #7AA1D2
4 0 14000001 14200000 #7dc7d2
4 0 14200001 14400000 #7AA1D2
4 0 14400001 14600000 #7AA1D2
4 0 14600001 14800000 #7AA1D2
4 0 14800001 15000000 #7AA1D2
4 0 15000001 15200000 #7dc7d2
4 0 15200001 15400000 #7dc7d2
4 0 15400001 15600000 #7AA1D2
4 0 15600001 15800000 #7AA1D2
4 0 15800001 16000000 #7AA1D2
4 0 16000001 16200000 #7AA1D2
4 0 16200001 16400000 #7AA1D2
4 0 16400001 16600000 #7AA1D2
4 0 16600001 16800000 #7dc7d2
4 0 16800001 17000000 #7AA1D2
4 0 17000001 17200000 #7AA1D2
4 0 17200001 17400000 #7AA1D2
4 0 17400001 17600000 #7AA1D2
4 0 17600001 17800000 #7AA1D2
4 0 17800001 18000000 #7AA1D2
4 0 18000001 18200000 #7AA1D2
4 0 18200001 18400000 #e8ce92
4 0 18400001 18600000 #7dc7d2
4 0 18600001 18800000 #7AA1D2
4 0 18800001 19000000 #7AA1D2
4 0 19000001 19200000 #7AA1D2
4 0 19200001 19400000 #7AA1D2
4 0 19400001 19600000 #7AA1D2
4 0 19600001 19800000 #7AA1D2
4 0 19800001 20000000 #7dc7d2
4 0 20000001 20200000 #7dc7d2
4 0 20200001 20400000 #7AA1D2
4 0 20400001 20600000 #7AA1D2
4 0 20600001 20800000 #7AA1D2
4 0 20800001 21000000 #7AA1D2
4 0 21000001 21200000 #7AA1D2
4 0 21200001 21400000 #7AA1D2
4 0 21400001 21600000 #7AA1D2
4 0 21600001 21800000 #7AA1D2
4 0 21800001 22000000 #7AA1D2
4 0 22000001 22200000 #7AA1D2
4 0 22200001 22400000 #7AA1D2
4 0 22400001 22600000 #7AA1D2
4 0 22600001 22800000 #7AA1D2
4 0 22800001 23000000 #7dc7d2
4 0 23000001 23200000 #7dc7d2
4 0 23200001 23400000 #7AA1D2
4 0 23400001 23600000 #7dc7d2
4 0 23600001 23800000 #7dc7d2
4 0 23800001 24000000 #7AA1D2
4 0 24000001 24200000 #7dc7d2
4 0 24200001 24400000 #7dc7d2
4 0 24400001 24600000 #7dc7d2
4 0 24600001 24800000 #7AA1D2
4 0 24800001 25000000 #7AA1D2
4 0 25000001 25200000 #7AA1D2
4 0 25200001 25400000 #bce2ca
4 0 25400001 25600000 #7AA1D2
4 0 25600001 25800000 #bce2ca
4 0 25800001 26000000 #7AA1D2
4 0 26000001 26200000 #7AA1D2
4 0 26200001 26400000 #7AA1D2
4 0 26400001 26600000 #7AA1D2
4 0 26600001 26800000 #7dc7d2
4 0 26800001 27000000 #7AA1D2
4 0 27000001 27200000 #7AA1D2
4 0 27200001 27400000 #7AA1D2
4 0 27400001 27600000 #7dc7d2
4 0 27600001 27800000 #7AA1D2
4 0 27800001 28000000 #7AA1D2
4 0 28000001 28200000 #7AA1D2
4 0 28200001 28400000 #7AA1D2
4 0 28400001 28600000 #7AA1D2
4 0 28600001 28800000 #7AA1D2
4 0 28800001 29000000 #7AA1D2
4 0 29000001 29200000 #7dc7d2
4 0 29200001 29400000 #7AA1D2
4 0 29400001 29600000 #7AA1D2
4 0 29600001 29800000 #7AA1D2
4 0 29800001 30000000 #7AA1D2
4 0 30000001 30200000 #7AA1D2
4 0 30200001 30400000 #7AA1D2
4 0 30400001 30600000 #7AA1D2
4 0 30600001 30800000 #7AA1D2
4 0 30800001 31000000 #7AA1D2
4 0 31000001 31200000 #7AA1D2
4 0 31200001 31400000 #f4a769
4 0 31400001 31600000 #f4a769
4 0 31600001 31800000 #d5e1b5
4 0 31800001 32000000 #bce2ca
4 0 32000001 32200000 #7AA1D2
4 0 32200001 32400000 #7AA1D2
4 0 32400001 32600000 #7AA1D2
4 0 32600001 32800000 #7AA1D2
4 0 32800001 33000000 #d5e1b5
4 0 33000001 33200000 #7dc7d2
4 0 33200001 33400000 #7AA1D2
4 0 33400001 33600000 #7AA1D2
4 0 33600001 33800000 #7AA1D2
4 0 33800001 34000000 #7AA1D2
4 0 34000001 34200000 #7dc7d2
4 0 34200001 34400000 #bce2ca
4 0 34400001 34600000 #7AA1D2
4 0 34600001 34800000 #7AA1D2
4 0 34800001 35000000 #7dc7d2
4 0 35000001 35200000 #7dc7d2
4 0 35200001 35502694 #7AA1D2
5 0 0 200000 #7dc7d2
5 0 200001 400000 #7AA1D2
5 0 400001 600000 #7AA1D2
5 0 600001 800000 #7AA1D2
5 0 800001 1000000 #7AA1D2
5 0 1000001 1200000 #7AA1D2
5 0 1200001 1400000 #7AA1D2
5 0 1400001 1600000 #7AA1D2
5 0 1600001 1800000 #7AA1D2
5 0 1800001 2000000 #7AA1D2
5 0 2000001 2200000 #7AA1D2
5 0 2200001 2400000 #7AA1D2
5 0 2400001 2600000 #7AA1D2
5 0 2600001 2800000 #7AA1D2
5 0 2800001 3000000 #7AA1D2
5 0 3000001 3200000 #7dc7d2
5 0 3200001 3400000 #7AA1D2
5 0 3400001 3600000 #7AA1D2
5 0 3600001 3800000 #7AA1D2
5 0 3800001 4000000 #7AA1D2
5 0 4000001 4200000 #7dc7d2
5 0 4200001 4400000 #bce2ca
5 0 4400001 4600000 #7AA1D2
5 0 4600001 4800000 #7AA1D2
5 0 4800001 5000000 #7AA1D2
5 0 5000001 5200000 #7AA1D2
5 0 5200001 5400000 #7AA1D2
5 0 5400001 5600000 #7AA1D2
5 0 5600001 5800000 #7AA1D2
5 0 5800001 6000000 #7AA1D2
5 0 6000001 6200000 #7AA1D2
5 0 6200001 6400000 #7AA1D2
5 0 6400001 6600000 #7AA1D2
5 0 6600001 6800000 #7AA1D2
5 0 6800001 7000000 #7AA1D2
5 0 7000001 7200000 #7AA1D2
5 0 7200001 7400000 #bce2ca
5 0 7400001 7600000 #7AA1D2
5 0 7600001 7800000 #7AA1D2
5 0 7800001 8000000 #7AA1D2
5 0 8000001 8200000 #7AA1D2
5 0 8200001 8400000 #7AA1D2
5 0 8400001 8600000 #7dc7d2
5 0 8600001 8800000 #7AA1D2
5 0 8800001 9000000 #7dc7d2
5 0 9000001 9200000 #bce2ca
5 0 9200001 9400000 #7dc7d2
5 0 9400001 9600000 #d5e1b5
5 0 9600001 9800000 #bce2ca
5 0 9800001 10000000 #7AA1D2
5 0 10000001 10200000 #7dc7d2
5 0 10200001 10400000 #7dc7d2
5 0 10400001 10600000 #7dc7d2
5 0 10600001 10800000 #7AA1D2
5 0 10800001 11000000 #7AA1D2
5 0 11000001 11200000 #7AA1D2
5 0 11200001 11400000 #7AA1D2
5 0 11400001 11600000 #7AA1D2
5 0 11600001 11800000 #7AA1D2
5 0 11800001 12000000 #7AA1D2
5 0 12000001 12200000 #7AA1D2
5 0 12200001 12400000 #7AA1D2
5 0 12400001 12600000 #7AA1D2
5 0 12600001 12800000 #7AA1D2
5 0 12800001 13000000 #7AA1D2
5 0 13000001 13200000 #7AA1D2
5 0 13200001 13400000 #7dc7d2
5 0 13400001 13600000 #7AA1D2
5 0 13600001 13800000 #7AA1D2
5 0 13800001 14000000 #bce2ca
5 0 14000001 14200000 #7AA1D2
5 0 14200001 14400000 #7AA1D2
5 0 14400001 14600000 #7AA1D2
5 0 14600001 14800000 #7AA1D2
5 0 14800001 15000000 #7AA1D2
5 0 15000001 15200000 #7AA1D2
5 0 15200001 15400000 #7AA1D2
5 0 15400001 15600000 #7AA1D2
5 0 15600001 15800000 #7AA1D2
5 0 15800001 16000000 #7AA1D2
5 0 16000001 16200000 #7AA1D2
5 0 16200001 16400000 #7AA1D2
5 0 16400001 16600000 #7AA1D2
5 0 16600001 16800000 #7AA1D2
5 0 16800001 17000000 #7AA1D2
5 0 17000001 17200000 #7AA1D2
5 0 17200001 17400000 #7AA1D2
5 0 17400001 17600000 #7dc7d2
5 0 17600001 17800000 #7AA1D2
5 0 17800001 18000000 #7AA1D2
5 0 18000001 18200000 #7AA1D2
5 0 18200001 18400000 #e8ce92
5 0 18400001 18600000 #7AA1D2
5 0 18600001 18800000 #7AA1D2
5 0 18800001 19000000 #7AA1D2
5 0 19000001 19200000 #7dc7d2
5 0 19200001 19400000 #7AA1D2
5 0 19400001 19600000 #7dc7d2
5 0 19600001 19800000 #7AA1D2
5 0 19800001 20000000 #7dc7d2
5 0 20000001 20200000 #7AA1D2
5 0 20200001 20400000 #d5e1b5
5 0 20400001 20600000 #7AA1D2
5 0 20600001 20800000 #7AA1D2
5 0 20800001 21000000 #7AA1D2
5 0 21000001 21200000 #7AA1D2
5 0 21200001 21400000 #7AA1D2
5 0 21400001 21600000 #7AA1D2
5 0 21600001 21800000 #7AA1D2
5 0 21800001 22000000 #7AA1D2
5 0 22000001 22200000 #7AA1D2
5 0 22200001 22400000 #7AA1D2
5 0 22400001 22600000 #7AA1D2
5 0 22600001 22800000 #7AA1D2
5 0 22800001 23000000 #7AA1D2
5 0 23000001 23200000 #7dc7d2
5 0 23200001 23400000 #7AA1D2
5 0 23400001 23600000 #d5e1b5
5 0 23600001 23800000 #bce2ca
5 0 23800001 24000000 #7dc7d2
5 0 24000001 24200000 #d5e1b5
5 0 24200001 24400000 #7AA1D2
5 0 24400001 24600000 #7AA1D2
5 0 24600001 24800000 #7AA1D2
5 0 24800001 25000000 #7AA1D2
5 0 25000001 25200000 #7AA1D2
5 0 25200001 25400000 #7AA1D2
5 0 25400001 25600000 #7AA1D2
5 0 25600001 25800000 #7AA1D2
5 0 25800001 26000000 #7AA1D2
5 0 26000001 26200000 #f4a769
5 0 26200001 26400000 #7AA1D2
5 0 26400001 26600000 #7AA1D2
5 0 26600001 26800000 #7AA1D2
5 0 26800001 27000000 #7AA1D2
5 0 27000001 27200000 #7AA1D2
5 0 27200001 27400000 #7AA1D2
5 0 27400001 27600000 #7AA1D2
5 0 27600001 27800000 #7AA1D2
5 0 27800001 28000000 #7AA1D2
5 0 28000001 28200000 #7AA1D2
5 0 28200001 28400000 #7AA1D2
5 0 28400001 28600000 #7AA1D2
5 0 28600001 28800000 #7AA1D2
5 0 28800001 29000000 #7AA1D2
5 0 29000001 29200000 #bce2ca
5 0 29200001 29400000 #7dc7d2
5 0 29400001 29600000 #7AA1D2
5 0 29600001 29800000 #7dc7d2
5 0 29800001 29958434 #7AA1D2
6 0 0 200000 #7dc7d2
6 0 200001 400000 #7AA1D2
6 0 400001 600000 #7AA1D2
6 0 600001 800000 #7AA1D2
6 0 800001 1000000 #7AA1D2
6 0 1000001 1200000 #7AA1D2
6 0 1200001 1400000 #7dc7d2
6 0 1400001 1600000 #7AA1D2
6 0 1600001 1800000 #7dc7d2
6 0 1800001 2000000 #7dc7d2
6 0 2000001 2200000 #d5e1b5
6 0 2200001 2400000 #7AA1D2
6 0 2400001 2600000 #7dc7d2
6 0 2600001 2800000 #7AA1D2
6 0 2800001 3000000 #d5e1b5
6 0 3000001 3200000 #7AA1D2
6 0 3200001 3400000 #bce2ca
6 0 3400001 3600000 #7dc7d2
6 0 3600001 3800000 #7AA1D2
6 0 3800001 4000000 #7dc7d2
6 0 4000001 4200000 #7AA1D2
6 0 4200001 4400000 #d5e1b5
6 0 4400001 4600000 #7AA1D2
6 0 4600001 4800000 #7AA1D2
6 0 4800001 5000000 #7AA1D2
6 0 5000001 5200000 #7dc7d2
6 0 5200001 5400000 #7dc7d2
6 0 5400001 5600000 #7AA1D2
6 0 5600001 5800000 #7AA1D2
6 0 5800001 6000000 #7AA1D2
6 0 6000001 6200000 #7AA1D2
6 0 6200001 6400000 #7AA1D2
6 0 6400001 6600000 #7dc7d2
6 0 6600001 6800000 #7AA1D2
6 0 6800001 7000000 #7AA1D2
6 0 7000001 7200000 #7AA1D2
6 0 7200001 7400000 #7dc7d2
6 0 7400001 7600000 #7AA1D2
6 0 7600001 7800000 #7AA1D2
6 0 7800001 8000000 #7AA1D2
6 0 8000001 8200000 #7AA1D2
6 0 8200001 8400000 #7AA1D2
6 0 8400001 8600000 #7AA1D2
6 0 8600001 8800000 #7AA1D2
6 0 8800001 9000000 #bce2ca
6 0 9000001 9200000 #7dc7d2
6 0 9200001 9400000 #bce2ca
6 0 9400001 9600000 #7AA1D2
6 0 9600001 9800000 #7dc7d2
6 0 9800001 10000000 #7AA1D2
6 0 10000001 10200000 #7AA1D2
6 0 10200001 10400000 #d5e1b5
6 0 10400001 10600000 #e8ce92
6 0 10600001 10800000 #7AA1D2
6 0 10800001 11000000 #7AA1D2
6 0 11000001 11200000 #7AA1D2
6 0 11200001 11400000 #7AA1D2
6 0 11400001 11600000 #7dc7d2
6 0 11600001 11800000 #7AA1D2
6 0 11800001 12000000 #7AA1D2
6 0 12000001 12200000 #7dc7d2
6 0 12200001 12400000 #7AA1D2
6 0 12400001 12600000 #7AA1D2
6 0 12600001 12800000 #7AA1D2
6 0 12800001 13000000 #7AA1D2
6 0 13000001 13200000 #7dc7d2
6 0 13200001 13400000 #7AA1D2
6 0 13400001 13600000 #7dc7d2
6 0 13600001 13800000 #7AA1D2
6 0 13800001 14000000 #7AA1D2
6 0 14000001 14200000 #7AA1D2
6 0 14200001 14400000 #7AA1D2
6 0 14400001 14600000 #7AA1D2
6 0 14600001 14800000 #7AA1D2
6 0 14800001 15000000 #7AA1D2
6 0 15000001 15200000 #7AA1D2
6 0 15200001 15400000 #7AA1D2
6 0 15400001 15600000 #7AA1D2
6 0 15600001 15800000 #7AA1D2
6 0 15800001 16000000 #7AA1D2
6 0 16000001 16200000 #7dc7d2
6 0 16200001 16400000 #7AA1D2
6 0 16400001 16600000 #7AA1D2
6 0 16600001 16800000 #7AA1D2
6 0 16800001 17000000 #7AA1D2
6 0 17000001 17200000 #7AA1D2
6 0 17200001 17400000 #7AA1D2
6 0 17400001 17600000 #7dc7d2
6 0 17600001 17800000 #7AA1D2
6 0 17800001 18000000 #7AA1D2
6 0 18000001 18200000 #7AA1D2
6 0 18200001 18400000 #7AA1D2
6 0 18400001 18600000 #7AA1D2
6 0 18600001 18800000 #7AA1D2
6 0 18800001 19000000 #7AA1D2
6 0 19000001 19200000 #7AA1D2
6 0 19200001 19400000 #7AA1D2
6 0 19400001 19600000 #7dc7d2
6 0 19600001 19800000 #7AA1D2
6 0 19800001 20000000 #7AA1D2
6 0 20000001 20200000 #7AA1D2
6 0 20200001 20400000 #7AA1D2
6 0 20400001 20600000 #7dc7d2
6 0 20600001 20800000 #7AA1D2
6 0 20800001 21000000 #7AA1D2
6 0 21000001 21200000 #7AA1D2
6 0 21200001 21400000 #d5e1b5
6 0 21400001 21600000 #7AA1D2
6 0 21600001 21800000 #7AA1D2
6 0 21800001 22000000 #7AA1D2
6 0 22000001 22200000 #7AA1D2
6 0 22200001 22400000 #7dc7d2
6 0 22400001 22600000 #7AA1D2
6 0 22600001 22800000 #7dc7d2
6 0 22800001 23000000 #f4a769
6 0 23000001 23200000 #f4a769
6 0 23200001 23400000 #7dc7d2
6 0 23400001 23600000 #7AA1D2
6 0 23600001 23800000 #7AA1D2
6 0 23800001 24000000 #7AA1D2
6 0 24000001 24200000 #7AA1D2
6 0 24200001 24400000 #7AA1D2
6 0 24400001 24600000 #7AA1D2
6 0 24600001 24800000 #7AA1D2
6 0 24800001 25000000 #f4a769
6 0 25000001 25200000 #7AA1D2
6 0 25200001 25400000 #7AA1D2
6 0 25400001 25600000 #7AA1D2
6 0 25600001 25800000 #7dc7d2
6 0 25800001 26000000 #7dc7d2
6 0 26000001 26200000 #7AA1D2
6 0 26200001 26400000 #7dc7d2
6 0 26400001 26600000 #7AA1D2
6 0 26600001 26800000 #7AA1D2
6 0 26800001 27000000 #7dc7d2
6 0 27000001 27200000 #7AA1D2
6 0 27200001 27400000 #bce2ca
6 0 27400001 27600000 #7AA1D2
6 0 27600001 27800000 #bce2ca
6 0 27800001 28000000 #7AA1D2
6 0 28000001 28200000 #7AA1D2
6 0 28200001 28400000 #7AA1D2
6 0 28400001 28600000 #7AA1D2
6 0 28600001 28800000 #7AA1D2
6 0 28800001 29000000 #f4a769
6 0 29000001 29200000 #7AA1D2
6 0 29200001 29400000 #7dc7d2
6 0 29400001 29600000 #7AA1D2
6 0 29600001 29800000 #7dc7d2
6 0 29800001 30000000 #e8ce92
6 0 30000001 30200000 #7AA1D2
6 0 30200001 30400000 #7AA1D2
6 0 30400001 30600000 #7dc7d2
6 0 30600001 31248787 #7AA1D2
7 0 0 200000 #7dc7d2
7 0 200001 400000 #7AA1D2
7 0 400001 600000 #7dc7d2
7 0 600001 800000 #7AA1D2
7 0 800001 1000000 #7dc7d2
7 0 1000001 1200000 #7dc7d2
7 0 1200001 1400000 #7AA1D2
7 0 1400001 1600000 #7AA1D2
7 0 1600001 1800000 #7dc7d2
7 0 1800001 2000000 #bce2ca
7 0 2000001 2200000 #bce2ca
7 0 2200001 2400000 #7dc7d2
7 0 2400001 2600000 #7AA1D2
7 0 2600001 2800000 #7dc7d2
7 0 2800001 3000000 #7AA1D2
7 0 3000001 3200000 #7AA1D2
7 0 3200001 3400000 #7AA1D2
7 0 3400001 3600000 #7dc7d2
7 0 3600001 3800000 #7AA1D2
7 0 3800001 4000000 #7AA1D2
7 0 4000001 4200000 #7AA1D2
7 0 4200001 4400000 #7AA1D2
7 0 4400001 4600000 #7dc7d2
7 0 4600001 4800000 #7dc7d2
7 0 4800001 5000000 #7AA1D2
7 0 5000001 5200000 #7AA1D2
7 0 5200001 5400000 #bce2ca
7 0 5400001 5600000 #7AA1D2
7 0 5600001 5800000 #bce2ca
7 0 5800001 6000000 #7AA1D2
7 0 6000001 6200000 #7AA1D2
7 0 6200001 6400000 #7AA1D2
7 0 6400001 6600000 #7AA1D2
7 0 6600001 6800000 #7AA1D2
7 0 6800001 7000000 #7AA1D2
7 0 7000001 7200000 #7AA1D2
7 0 7200001 7400000 #7dc7d2
7 0 7400001 7600000 #7AA1D2
7 0 7600001 7800000 #7AA1D2
7 0 7800001 8000000 #7AA1D2
7 0 8000001 8200000 #7AA1D2
7 0 8200001 8400000 #7AA1D2
7 0 8400001 8600000 #7dc7d2
7 0 8600001 8800000 #7AA1D2
7 0 8800001 9000000 #7AA1D2
7 0 9000001 9200000 #7AA1D2
7 0 9200001 9400000 #7AA1D2
7 0 9400001 9600000 #7AA1D2
7 0 9600001 9800000 #7AA1D2
7 0 9800001 10000000 #7AA1D2
7 0 10000001 10200000 #d5e1b5
7 0 10200001 10400000 #7dc7d2
7 0 10400001 10600000 #7AA1D2
7 0 10600001 10800000 #7AA1D2
7 0 10800001 11000000 #7AA1D2
7 0 11000001 11200000 #7AA1D2
7 0 11200001 11400000 #7AA1D2
7 0 11400001 11600000 #7dc7d2
7 0 11600001 11800000 #7AA1D2
7 0 11800001 12000000 #7AA1D2
7 0 12000001 12200000 #7AA1D2
7 0 12200001 12400000 #7AA1D2
7 0 12400001 12600000 #7AA1D2
7 0 12600001 12800000 #7AA1D2
7 0 12800001 13000000 #7AA1D2
7 0 13000001 13200000 #7AA1D2
7 0 13200001 13400000 #7AA1D2
7 0 13400001 13600000 #7AA1D2
7 0 13600001 13800000 #7AA1D2
7 0 13800001 14000000 #7AA1D2
7 0 14000001 14200000 #7AA1D2
7 0 14200001 14400000 #7AA1D2
7 0 14400001 14600000 #7AA1D2
7 0 14600001 14800000 #7AA1D2
7 0 14800001 15000000 #7AA1D2
7 0 15000001 15200000 #bce2ca
7 0 15200001 15400000 #7AA1D2
7 0 15400001 15600000 #7dc7d2
7 0 15600001 15800000 #7AA1D2
7 0 15800001 16000000 #7dc7d2
7 0 16000001 16200000 #7AA1D2
7 0 16200001 16400000 #7AA1D2
7 0 16400001 16600000 #7dc7d2
7 0 16600001 16800000 #7dc7d2
7 0 16800001 17000000 #7AA1D2
7 0 17000001 17200000 #7AA1D2
7 0 17200001 17400000 #7AA1D2
7 0 17400001 17600000 #bce2ca
7 0 17600001 17800000 #7AA1D2
7 0 17800001 18000000 #7AA1D2
7 0 18000001 18200000 #7AA1D2
7 0 18200001 18400000 #7AA1D2
7 0 18400001 18600000 #7AA1D2
7 0 18600001 18800000 #7dc7d2
7 0 18800001 19000000 #bce2ca
7 0 19000001 19200000 #7AA1D2
7 0 19200001 19400000 #7AA1D2
7 0 19400001 19600000 #7AA1D2
7 0 19600001 19800000 #7AA1D2
7 0 19800001 20000000 #7AA1D2
7 0 20000001 20200000 #f4a769
7 0 20200001 20400000 #7AA1D2
7 0 20400001 20600000 #7AA1D2
7 0 20600001 20800000 #7AA1D2
7 0 20800001 21000000 #7dc7d2
7 0 21000001 21200000 #7AA1D2
7 0 21200001 21400000 #7AA1D2
7 0 21400001 21600000 #7AA1D2
7 0 21600001 21800000 #7AA1D2
7 0 21800001 22000000 #7AA1D2
7 0 22000001 22200000 #7AA1D2
7 0 22200001 22400000 #7AA1D2
7 0 22400001 22600000 #7AA1D2
7 0 22600001 22800000 #7dc7d2
7 0 22800001 23000000 #7dc7d2
7 0 23000001 23200000 #7AA1D2
7 0 23200001 23400000 #7dc7d2
7 0 23400001 23600000 #7AA1D2
7 0 23600001 23800000 #7AA1D2
7 0 23800001 24000000 #7AA1D2
7 0 24000001 24200000 #7AA1D2
7 0 24200001 24400000 #7dc7d2
7 0 24400001 24600000 #7dc7d2
7 0 24600001 24800000 #7dc7d2
7 0 24800001 25000000 #7AA1D2
7 0 25000001 25200000 #7AA1D2
7 0 25200001 25400000 #7AA1D2
7 0 25400001 25600000 #7dc7d2
7 0 25600001 25800000 #7AA1D2
7 0 25800001 26000000 #7dc7d2
7 0 26000001 26200000 #7AA1D2
7 0 26200001 26400000 #7AA1D2
7 0 26400001 26600000 #7AA1D2
7 0 26600001 26800000 #7AA1D2
7 0 26800001 27000000 #7AA1D2
7 0 27000001 27200000 #7AA1D2
7 0 27200001 27400000 #7AA1D2
7 0 27400001 27600000 #7AA1D2
7 0 27600001 27800000 #7AA1D2
7 0 27800001 28000000 #7AA1D2
7 0 28000001 28200000 #7AA1D2
7 0 28200001 28400000 #7AA1D2
7 0 28400001 28600000 #7AA1D2
7 0 28600001 28800000 #7AA1D2
7 0 28800001 29000000 #7dc7d2
7 0 29000001 29697621 #7AA1D2
8 0 0 200000 #7dc7d2
8 0 200001 400000 #7dc7d2
8 0 400001 600000 #7AA1D2
8 0 600001 800000 #7AA1D2
8 0 800001 1000000 #7dc7d2
8 0 1000001 1200000 #7AA1D2
8 0 1200001 1400000 #7AA1D2
8 0 1400001 1600000 #7AA1D2
8 0 1600001 1800000 #7AA1D2
8 0 1800001 2000000 #7AA1D2
8 0 2000001 2200000 #7AA1D2
8 0 2200001 2400000 #7AA1D2
8 0 2400001 2600000 #7AA1D2
8 0 2600001 2800000 #7dc7d2
8 0 2800001 3000000 #7dc7d2
8 0 3000001 3200000 #7dc7d2
8 0 3200001 3400000 #7AA1D2
8 0 3400001 3600000 #7AA1D2
8 0 3600001 3800000 #7AA1D2
8 0 3800001 4000000 #7AA1D2
8 0 4000001 4200000 #f4a769
8 0 4200001 4400000 #bce2ca
8 0 4400001 4600000 #e8ce92
8 0 4600001 4800000 #7AA1D2
8 0 4800001 5000000 #7AA1D2
8 0 5000001 5200000 #7AA1D2
8 0 5200001 5400000 #7dc7d2
8 0 5400001 5600000 #7dc7d2
8 0 5600001 5800000 #7AA1D2
8 0 5800001 6000000 #f4a769
8 0 6000001 6200000 #f4a769
8 0 6200001 6400000 #7AA1D2
8 0 6400001 6600000 #7AA1D2
8 0 6600001 6800000 #7AA1D2
8 0 6800001 7000000 #7AA1D2
8 0 7000001 7200000 #7AA1D2
8 0 7200001 7400000 #7AA1D2
8 0 7400001 7600000 #7dc7d2
8 0 7600001 7800000 #7AA1D2
8 0 7800001 8000000 #7AA1D2
8 0 8000001 8200000 #7AA1D2
8 0 8200001 8400000 #7dc7d2
8 0 8400001 8600000 #7AA1D2
8 0 8600001 8800000 #7AA1D2
8 0 8800001 9000000 #d5e1b5
8 0 9000001 9200000 #e8ce92
8 0 9200001 9400000 #7AA1D2
8 0 9400001 9600000 #7AA1D2
8 0 9600001 9800000 #bce2ca
8 0 9800001 10000000 #7dc7d2
8 0 10000001 10200000 #bce2ca
8 0 10200001 10400000 #7AA1D2
8 0 10400001 10600000 #7AA1D2
8 0 10600001 10800000 #7dc7d2
8 0 10800001 11000000 #7AA1D2
8 0 11000001 11200000 #7AA1D2
8 0 11200001 11400000 #7AA1D2
8 0 11400001 11600000 #7AA1D2
8 0 11600001 11800000 #7dc7d2
8 0 11800001 12000000 #bce2ca
8 0 12000001 12200000 #7AA1D2
8 0 12200001 12400000 #7AA1D2
8 0 12400001 12600000 #7AA1D2
8 0 12600001 12800000 #7AA1D2
8 0 12800001 13000000 #7AA1D2
8 0 13000001 13200000 #7AA1D2
8 0 13200001 13400000 #7AA1D2
8 0 13400001 13600000 #7AA1D2
8 0 13600001 13800000 #7AA1D2
8 0 13800001 14000000 #7AA1D2
8 0 14000001 14200000 #7dc7d2
8 0 14200001 14400000 #7AA1D2
8 0 14400001 14600000 #7AA1D2
8 0 14600001 14800000 #bce2ca
8 0 14800001 15000000 #7AA1D2
8 0 15000001 15200000 #7AA1D2
8 0 15200001 15400000 #7AA1D2
8 0 15400001 15600000 #7dc7d2
8 0 15600001 15800000 #7AA1D2
8 0 15800001 16000000 #7AA1D2
8 0 16000001 16200000 #7AA1D2
8 0 16200001 16400000 #7AA1D2
8 0 16400001 16600000 #7AA1D2
8 0 16600001 16800000 #7AA1D2
8 0 16800001 17000000 #7AA1D2
8 0 17000001 17200000 #7AA1D2
8 0 17200001 17400000 #7dc7d2
8 0 17400001 17600000 #bce2ca
8 0 17600001 17800000 #7dc7d2
8 0 17800001 18000000 #7AA1D2
8 0 18000001 18200000 #7AA1D2
8 0 18200001 18400000 #bce2ca
8 0 18400001 18600000 #7AA1D2
8 0 18600001 18800000 #7AA1D2
8 0 18800001 19000000 #7AA1D2
8 0 19000001 19200000 #7dc7d2
8 0 19200001 19400000 #7AA1D2
8 0 19400001 19600000 #7AA1D2
8 0 19600001 19800000 #d5e1b5
8 0 19800001 20000000 #7AA1D2
8 0 20000001 20200000 #7AA1D2
8 0 20200001 20400000 #bce2ca
8 0 20400001 20600000 #7dc7d2
8 0 20600001 20800000 #7AA1D2
8 0 20800001 21000000 #7AA1D2
8 0 21000001 21200000 #7AA1D2
8 0 21200001 21400000 #7AA1D2
8 0 21400001 21600000 #7dc7d2
8 0 21600001 21800000 #bce2ca
8 0 21800001 22000000 #7AA1D2
8 0 22000001 22200000 #7AA1D2
8 0 22200001 22400000 #7AA1D2
8 0 22400001 22600000 #7AA1D2
8 0 22600001 22800000 #7AA1D2
8 0 22800001 23000000 #7AA1D2
8 0 23000001 23200000 #7AA1D2
8 0 23200001 23400000 #7AA1D2
8 0 23400001 23600000 #7AA1D2
8 0 23600001 23800000 #7AA1D2
8 0 23800001 24000000 #7AA1D2
8 0 24000001 24200000 #7AA1D2
8 0 24200001 24400000 #7dc7d2
8 0 24400001 24600000 #7AA1D2
8 0 24600001 24800000 #7AA1D2
8 0 24800001 25000000 #7AA1D2
8 0 25000001 25200000 #d5e1b5
8 0 25200001 25400000 #7AA1D2
8 0 25400001 25600000 #7AA1D2
8 0 25600001 25800000 #7dc7d2
8 0 25800001 26000000 #7dc7d2
8 0 26000001 26200000 #7dc7d2
8 0 26200001 26400000 #7AA1D2
8 0 26400001 26600000 #7AA1D2
8 0 26600001 26800000 #7AA1D2
8 0 26800001 27000000 #bce2ca
8 0 27000001 27200000 #f4a769
8 0 27200001 27400000 #7dc7d2
8 0 27400001 27600000 #7AA1D2
8 0 27600001 27800000 #7AA1D2
8 0 27800001 28000000 #7AA1D2
8 0 28000001 28200000 #7AA1D2
8 0 28200001 28400000 #7dc7d2
8 0 28400001 28443022 #7AA1D2
9 0 0 200000 #7dc7d2
9 0 200001 400000 #7AA1D2
9 0 400001 600000 #7AA1D2
9 0 600001 800000 #7AA1D2
9 0 800001 1000000 #7dc7d2
9 0 1000001 1200000 #7AA1D2
9 0 1200001 1400000 #7AA1D2
9 0 1400001 1600000 #7AA1D2
9 0 1600001 1800000 #7AA1D2
9 0 1800001 2000000 #7AA1D2
9 0 2000001 2200000 #7AA1D2
9 0 2200001 2400000 #7dc7d2
9 0 2400001 2600000 #7AA1D2
9 0 2600001 2800000 #7AA1D2
9 0 2800001 3000000 #7AA1D2
9 0 3000001 3200000 #7AA1D2
9 0 3200001 3400000 #7AA1D2
9 0 3400001 3600000 #7AA1D2
9 0 3600001 3800000 #7dc7d2
9 0 3800001 4000000 #7AA1D2
9 0 4000001 4200000 #7AA1D2
9 0 4200001 4400000 #7AA1D2
9 0 4400001 4600000 #7AA1D2
9 0 4600001 4800000 #7AA1D2
9 0 4800001 5000000 #7dc7d2
9 0 5000001 5200000 #7dc7d2
9 0 5200001 5400000 #7dc7d2
9 0 5400001 5600000 #7dc7d2
9 0 5600001 5800000 #7AA1D2
9 0 5800001 6000000 #7AA1D2
9 0 6000001 6200000 #7dc7d2
9 0 6200001 6400000 #7AA1D2
9 0 6400001 6600000 #7AA1D2
9 0 6600001 6800000 #7AA1D2
9 0 6800001 7000000 #7dc7d2
9 0 7000001 7200000 #7AA1D2
9 0 7200001 7400000 #7AA1D2
9 0 7400001 7600000 #7AA1D2
9 0 7600001 7800000 #7AA1D2
9 0 7800001 8000000 #7AA1D2
9 0 8000001 8200000 #7dc7d2
9 0 8200001 8400000 #d5e1b5
9 0 8400001 8600000 #d5e1b5
9 0 8600001 8800000 #7AA1D2
9 0 8800001 9000000 #7AA1D2
9 0 9000001 9200000 #7AA1D2
9 0 9200001 9400000 #7AA1D2
9 0 9400001 9600000 #bce2ca
9 0 9600001 9800000 #d5e1b5
9 0 9800001 10000000 #7AA1D2
9 0 10000001 10200000 #7AA1D2
9 0 10200001 10400000 #7AA1D2
9 0 10400001 10600000 #7AA1D2
9 0 10600001 10800000 #7dc7d2
9 0 10800001 11000000 #e8ce92
9 0 11000001 11200000 #f4a769
9 0 11200001 11400000 #e8ce92
9 0 11400001 11600000 #f4a769
9 0 11600001 11800000 #bce2ca
9 0 11800001 12000000 #bce2ca
9 0 12000001 12200000 #7dc7d2
9 0 12200001 12400000 #7AA1D2
9 0 12400001 12600000 #7AA1D2
9 0 12600001 12800000 #7dc7d2
9 0 12800001 13000000 #7AA1D2
9 0 13000001 13200000 #7AA1D2
9 0 13200001 13400000 #7AA1D2
9 0 13400001 13600000 #7AA1D2
9 0 13600001 13800000 #7AA1D2
9 0 13800001 14000000 #7AA1D2
9 0 14000001 14200000 #7dc7d2
9 0 14200001 14400000 #7AA1D2
9 0 14400001 14600000 #7AA1D2
9 0 14600001 14800000 #7AA1D2
9 0 14800001 15000000 #7AA1D2
9 0 15000001 15200000 #7AA1D2
9 0 15200001 15400000 #7dc7d2
9 0 15400001 15600000 #7AA1D2
9 0 15600001 15800000 #7AA1D2
9 0 15800001 16000000 #7AA1D2
9 0 16000001 16200000 #7AA1D2
9 0 16200001 16400000 #7AA1D2
9 0 16400001 16600000 #7AA1D2
9 0 16600001 16800000 #7AA1D2
9 0 16800001 17000000 #7AA1D2
9 0 17000001 17200000 #7AA1D2
9 0 17200001 17400000 #7dc7d2
9 0 17400001 17600000 #7AA1D2
9 0 17600001 17800000 #7AA1D2
9 0 17800001 18000000 #7AA1D2
9 0 18000001 18200000 #7AA1D2
9 0 18200001 18400000 #bce2ca
9 0 18400001 18600000 #7dc7d2
9 0 18600001 18800000 #7AA1D2
9 0 18800001 19000000 #7AA1D2
9 0 19000001 19200000 #7AA1D2
9 0 19200001 19400000 #7AA1D2
9 0 19400001 19600000 #7AA1D2
9 0 19600001 19800000 #7AA1D2
9 0 19800001 20000000 #7AA1D2
9 0 20000001 20200000 #bce2ca
9 0 20200001 20400000 #7AA1D2
9 0 20400001 20600000 #7AA1D2
9 0 20600001 20800000 #7AA1D2
9 0 20800001 21000000 #7AA1D2
9 0 21000001 21200000 #7AA1D2
9 0 21200001 21400000 #7AA1D2
9 0 21400001 21600000 #7AA1D2
9 0 21600001 21800000 #7AA1D2
9 0 21800001 22000000 #7AA1D2
9 0 22000001 22200000 #7AA1D2
9 0 22200001 22400000 #7dc7d2
9 0 22400001 23012720 #7AA1D2
10 0 0 200000 #7dc7d2
10 0 200001 400000 #7AA1D2
10 0 400001 600000 #7AA1D2
10 0 600001 800000 #7AA1D2
10 0 800001 1000000 #7dc7d2
10 0 1000001 1200000 #7AA1D2
10 0 1200001 1400000 #d5e1b5
10 0 1400001 1600000 #bce2ca
10 0 1600001 1800000 #7dc7d2
10 0 1800001 2000000 #f4a769
10 0 2000001 2200000 #bce2ca
10 0 2200001 2400000 #7dc7d2
10 0 2400001 2600000 #7AA1D2
10 0 2600001 2800000 #7dc7d2
10 0 2800001 3000000 #7AA1D2
10 0 3000001 3200000 #7AA1D2
10 0 3200001 3400000 #7AA1D2
10 0 3400001 3600000 #bce2ca
10 0 3600001 3800000 #7AA1D2
10 0 3800001 4000000 #7dc7d2
10 0 4000001 4200000 #bce2ca
10 0 4200001 4400000 #bce2ca
10 0 4400001 4600000 #7AA1D2
10 0 4600001 4800000 #7AA1D2
10 0 4800001 5000000 #7AA1D2
10 0 5000001 5200000 #7AA1D2
10 0 5200001 5400000 #7AA1D2
10 0 5400001 5600000 #7AA1D2
10 0 5600001 5800000 #7dc7d2
10 0 5800001 6000000 #7AA1D2
10 0 6000001 6200000 #7AA1D2
10 0 6200001 6400000 #7AA1D2
10 0 6400001 6600000 #7AA1D2
10 0 6600001 6800000 #7AA1D2
10 0 6800001 7000000 #7AA1D2
10 0 7000001 7200000 #7AA1D2
10 0 7200001 7400000 #7AA1D2
10 0 7400001 7600000 #7dc7d2
10 0 7600001 7800000 #7AA1D2
10 0 7800001 8000000 #7AA1D2
10 0 8000001 8200000 #7AA1D2
10 0 8200001 8400000 #7AA1D2
10 0 8400001 8600000 #7AA1D2
10 0 8600001 8800000 #7AA1D2
10 0 8800001 9000000 #7dc7d2
10 0 9000001 9200000 #7AA1D2
10 0 9200001 9400000 #7AA1D2
10 0 9400001 9600000 #7AA1D2
10 0 9600001 9800000 #bce2ca
10 0 9800001 10000000 #7AA1D2
10 0 10000001 10200000 #7AA1D2
10 0 10200001 10400000 #7AA1D2
10 0 10400001 10600000 #7AA1D2
10 0 10600001 10800000 #7AA1D2
10 0 10800001 11000000 #7dc7d2
10 0 11000001 11200000 #bce2ca
10 0 11200001 11400000 #7dc7d2
10 0 11400001 11600000 #bce2ca
10 0 11600001 11800000 #bce2ca
10 0 11800001 12000000 #d5e1b5
10 0 12000001 12200000 #7AA1D2
10 0 12200001 12400000 #7AA1D2
10 0 12400001 12600000 #7AA1D2
10 0 12600001 12800000 #7AA1D2
10 0 12800001 13000000 #7dc7d2
10 0 13000001 13200000 #7dc7d2
10 0 13200001 13400000 #7AA1D2
10 0 13400001 13600000 #7AA1D2
10 0 13600001 13800000 #7AA1D2
10 0 13800001 14000000 #7AA1D2
10 0 14000001 14200000 #7AA1D2
10 0 14200001 14400000 #7AA1D2
10 0 14400001 14600000 #7AA1D2
10 0 14600001 14800000 #7AA1D2
10 0 14800001 15000000 #7AA1D2
10 0 15000001 15200000 #7AA1D2
10 0 15200001 15400000 #7AA1D2
10 0 15400001 15600000 #7AA1D2
10 0 15600001 15800000 #7AA1D2
10 0 15800001 16000000 #7dc7d2
10 0 16000001 16200000 #7AA1D2
10 0 16200001 16400000 #7AA1D2
10 0 16400001 16600000 #7AA1D2
10 0 16600001 16800000 #7AA1D2
10 0 16800001 17000000 #7AA1D2
10 0 17000001 17200000 #7AA1D2
10 0 17200001 17400000 #f4a769
10 0 17400001 17600000 #7AA1D2
10 0 17600001 17800000 #7dc7d2
10 0 17800001 18000000 #7AA1D2
10 0 18000001 18200000 #7AA1D2
10 0 18200001 18400000 #7AA1D2
10 0 18400001 18600000 #7AA1D2
10 0 18600001 18800000 #7dc7d2
10 0 18800001 19000000 #7AA1D2
10 0 19000001 19200000 #7AA1D2
10 0 19200001 19400000 #bce2ca
10 0 19400001 19600000 #7AA1D2
10 0 19600001 19800000 #7AA1D2
10 0 19800001 20000000 #7AA1D2
10 0 20000001 20200000 #7AA1D2
10 0 20200001 20400000 #7AA1D2
10 0 20400001 20600000 #7dc7d2
10 0 20600001 20800000 #7dc7d2
10 0 20800001 21000000 #7AA1D2
10 0 21000001 21200000 #7AA1D2
10 0 21200001 21400000 #7AA1D2
10 0 21400001 21600000 #7AA1D2
10 0 21600001 21800000 #7AA1D2
10 0 21800001 22000000 #7AA1D2
10 0 22000001 22200000 #7AA1D2
10 0 22200001 22400000 #7AA1D2
10 0 22400001 22600000 #7dc7d2
10 0 22600001 23207287 #7AA1D2
11 0 0 200000 #bce2ca
11 0 200001 400000 #7dc7d2
11 0 400001 600000 #7AA1D2
11 0 600001 800000 #7AA1D2
11 0 800001 1000000 #7AA1D2
11 0 1000001 1200000 #7AA1D2
11 0 1200001 1400000 #7AA1D2
11 0 1400001 1600000 #7dc7d2
11 0 1600001 1800000 #7AA1D2
11 0 1800001 2000000 #7AA1D2
11 0 2000001 2200000 #7AA1D2
11 0 2200001 2400000 #7AA1D2
11 0 2400001 2600000 #7AA1D2
11 0 2600001 2800000 #7AA1D2
11 0 2800001 3000000 #7AA1D2
11 0 3000001 3200000 #7dc7d2
11 0 3200001 3400000 #7AA1D2
11 0 3400001 3600000 #f4a769
11 0 3600001 3800000 #f4a769
11 0 3800001 4000000 #7AA1D2
11 0 4000001 4200000 #7AA1D2
11 0 4200001 4400000 #7AA1D2
11 0 4400001 4600000 #7AA1D2
11 0 4600001 4800000 #7AA1D2
11 0 4800001 5000000 #bce2ca
11 0 5000001 5200000 #7AA1D2
11 0 5200001 5400000 #7AA1D2
11 0 5400001 5600000 #7dc7d2
11 0 5600001 5800000 #bce2ca
11 0 5800001 6000000 #d5e1b5
11 0 6000001 6200000 #7AA1D2
11 0 6200001 6400000 #7AA1D2
11 0 6400001 6600000 #e8ce92
11 0 6600001 6800000 #f4a769
11 0 6800001 7000000 #f4a769
11 0 7000001 7200000 #d5e1b5
11 0 7200001 7400000 #d5e1b5
11 0 7400001 7600000 #7dc7d2
11 0 7600001 7800000 #bce2ca
11 0 7800001 8000000 #7dc7d2
11 0 8000001 8200000 #bce2ca
11 0 8200001 8400000 #7AA1D2
11 0 8400001 8600000 #7dc7d2
11 0 8600001 8800000 #7dc7d2
11 0 8800001 9000000 #7dc7d2
11 0 9000001 9200000 #d5e1b5
11 0 9200001 9400000 #7AA1D2
11 0 9400001 9600000 #bce2ca
11 0 9600001 9800000 #7dc7d2
11 0 9800001 10000000 #7AA1D2
11 0 10000001 10200000 #7AA1D2
11 0 10200001 10400000 #7AA1D2
11 0 10400001 10600000 #7AA1D2
11 0 10600001 10800000 #7AA1D2
11 0 10800001 11000000 #7AA1D2
11 0 11000001 11200000 #7AA1D2
11 0 11200001 11400000 #7dc7d2
11 0 11400001 11600000 #7AA1D2
11 0 11600001 11800000 #7dc7d2
11 0 11800001 12000000 #7AA1D2
11 0 12000001 12200000 #7AA1D2
11 0 12200001 12400000 #7AA1D2
11 0 12400001 12600000 #7AA1D2
11 0 12600001 12800000 #7AA1D2
11 0 12800001 13000000 #7AA1D2
11 0 13000001 13200000 #7AA1D2
11 0 13200001 13400000 #7AA1D2
11 0 13400001 13600000 #7AA1D2
11 0 13600001 13800000 #7dc7d2
11 0 13800001 14000000 #7AA1D2
11 0 14000001 14200000 #7AA1D2
11 0 14200001 14400000 #7AA1D2
11 0 14400001 14600000 #7AA1D2
11 0 14600001 14800000 #7AA1D2
11 0 14800001 15000000 #7dc7d2
11 0 15000001 15200000 #7AA1D2
11 0 15200001 15400000 #7AA1D2
11 0 15400001 15600000 #7AA1D2
11 0 15600001 15800000 #d5e1b5
11 0 15800001 16000000 #7AA1D2
11 0 16000001 16200000 #7AA1D2
11 0 16200001 16400000 #7AA1D2
11 0 16400001 16600000 #7AA1D2
11 0 16600001 16800000 #bce2ca
11 0 16800001 17000000 #d5e1b5
11 0 17000001 17200000 #7dc7d2
11 0 17200001 17400000 #bce2ca
11 0 17400001 17600000 #f4a769
11 0 17600001 17800000 #7AA1D2
11 0 17800001 18000000 #7AA1D2
11 0 18000001 18200000 #7AA1D2
11 0 18200001 18400000 #7AA1D2
11 0 18400001 18600000 #7AA1D2
11 0 18600001 18800000 #7AA1D2
11 0 18800001 19000000 #7dc7d2
11 0 19000001 19200000 #7dc7d2
11 0 19200001 19400000 #7AA1D2
11 0 19400001 19600000 #7AA1D2
11 0 19600001 19800000 #7AA1D2
11 0 19800001 20000000 #7AA1D2
11 0 20000001 20200000 #7AA1D2
11 0 20200001 20400000 #7AA1D2
11 0 20400001 20600000 #e8ce92
11 0 20600001 20800000 #f4a769
11 0 20800001 21000000 #f4a769
11 0 21000001 21200000 #f4a769
11 0 21200001 21400000 #f4a769
11 0 21400001 21600000 #7dc7d2
11 0 21600001 21800000 #7AA1D2
11 0 21800001 22000000 #bce2ca
11 0 22000001 22200000 #7AA1D2
11 0 22200001 22400000 #f4a769
11 0 22400001 22600000 #e8ce92
11 0 22600001 22800000 #bce2ca
11 0 22800001 23000000 #bce2ca
11 0 23000001 23200000 #7AA1D2
11 0 23200001 23400000 #e8ce92
11 0 23400001 23600000 #f4a769
11 0 23600001 23800000 #7dc7d2
11 0 23800001 24000000 #7dc7d2
11 0 24000001 24200000 #7dc7d2
11 0 24200001 24400000 #7dc7d2
11 0 24400001 24600000 #d5e1b5
11 0 24600001 24800000 #e8ce92
11 0 24800001 25000000 #7dc7d2
11 0 25000001 25200000 #7AA1D2
11 0 25200001 25400000 #f4a769
11 0 25400001 25600000 #7dc7d2
11 0 25600001 25800000 #f4a769
11 0 25800001 26000000 #7AA1D2
11 0 26000001 26200000 #f4a769
11 0 26200001 26400000 #f4a769
11 0 26400001 26600000 #7dc7d2
11 0 26600001 26800000 #7AA1D2
11 0 26800001 27000000 #7dc7d2
11 0 27000001 27200000 #7AA1D2
11 0 27200001 27400000 #f4a769
11 0 27400001 27600000 #bce2ca
11 0 27600001 27800000 #f4a769
11 0 27800001 28000000 #f4a769
11 0 28000001 28200000 #7AA1D2
11 0 28200001 28400000 #f4a769
11 0 28400001 28600000 #e8ce92
11 0 28600001 28800000 #7dc7d2
11 0 28800001 29000000 #7dc7d2
11 0 29000001 29021106 #7AA1D2
12 0 0 200000 #bce2ca
12 0 200001 400000 #7AA1D2
12 0 400001 600000 #7dc7d2
12 0 600001 800000 #7AA1D2
12 0 800001 1000000 #7AA1D2
12 0 1000001 1200000 #7dc7d2
12 0 1200001 1400000 #7AA1D2
12 0 1400001 1600000 #7dc7d2
12 0 1600001 1800000 #7AA1D2
12 0 1800001 2000000 #7AA1D2
12 0 2000001 2200000 #7AA1D2
12 0 2200001 2400000 #7dc7d2
12 0 2400001 2600000 #7AA1D2
12 0 2600001 2800000 #7dc7d2
12 0 2800001 3000000 #7dc7d2
12 0 3000001 3200000 #7AA1D2
12 0 3200001 3400000 #7dc7d2
12 0 3400001 3600000 #7AA1D2
12 0 3600001 3800000 #7AA1D2
12 0 3800001 4000000 #7AA1D2
12 0 4000001 4200000 #7dc7d2
12 0 4200001 4400000 #7AA1D2
12 0 4400001 4600000 #7AA1D2
12 0 4600001 4800000 #7AA1D2
12 0 4800001 5000000 #bce2ca
12 0 5000001 5200000 #bce2ca
12 0 5200001 5400000 #7dc7d2
12 0 5400001 5600000 #7dc7d2
12 0 5600001 5800000 #bce2ca
12 0 5800001 6000000 #bce2ca
12 0 6000001 6200000 #7dc7d2
12 0 6200001 6400000 #e8ce92
12 0 6400001 6600000 #e8ce92
12 0 6600001 6800000 #bce2ca
12 0 6800001 7000000 #7AA1D2
12 0 7000001 7200000 #7AA1D2
12 0 7200001 7400000 #7AA1D2
12 0 7400001 7600000 #7dc7d2
12 0 7600001 7800000 #7AA1D2
12 0 7800001 8000000 #7AA1D2
12 0 8000001 8200000 #7dc7d2
12 0 8200001 8400000 #7AA1D2
12 0 8400001 8600000 #7AA1D2
12 0 8600001 8800000 #7AA1D2
12 0 8800001 9000000 #7AA1D2
12 0 9000001 9200000 #7AA1D2
12 0 9200001 9400000 #7AA1D2
12 0 9400001 9600000 #7AA1D2
12 0 9600001 9800000 #7dc7d2
12 0 9800001 10000000 #e8ce92
12 0 10000001 10200000 #d5e1b5
12 0 10200001 10400000 #7AA1D2
12 0 10400001 10600000 #7AA1D2
12 0 10600001 10800000 #7dc7d2
12 0 10800001 11000000 #7AA1D2
12 0 11000001 11200000 #7AA1D2
12 0 11200001 11400000 #7AA1D2
12 0 11400001 11600000 #7AA1D2
12 0 11600001 11800000 #7AA1D2
12 0 11800001 12000000 #7AA1D2
12 0 12000001 12200000 #7AA1D2
12 0 12200001 12400000 #7AA1D2
12 0 12400001 12600000 #7AA1D2
12 0 12600001 12800000 #7AA1D2
12 0 12800001 13000000 #7AA1D2
12 0 13000001 13200000 #7AA1D2
12 0 13200001 13400000 #7AA1D2
12 0 13400001 13600000 #7AA1D2
12 0 13600001 13800000 #7AA1D2
12 0 13800001 14000000 #7AA1D2
12 0 14000001 14200000 #7AA1D2
12 0 14200001 14400000 #7AA1D2
12 0 14400001 14600000 #7AA1D2
12 0 14600001 14800000 #7AA1D2
12 0 14800001 15000000 #7AA1D2
12 0 15000001 15200000 #7AA1D2
12 0 15200001 15400000 #7AA1D2
12 0 15400001 15600000 #7AA1D2
12 0 15600001 15800000 #7AA1D2
12 0 15800001 16000000 #7AA1D2
12 0 16000001 16200000 #7AA1D2
12 0 16200001 16400000 #7AA1D2
12 0 16400001 16600000 #d5e1b5
12 0 16600001 16800000 #7dc7d2
12 0 16800001 17000000 #7AA1D2
12 0 17000001 17200000 #7AA1D2
12 0 17200001 17400000 #bce2ca
12 0 17400001 17600000 #7dc7d2
12 0 17600001 17800000 #d5e1b5
12 0 17800001 18000000 #7AA1D2
12 0 18000001 18200000 #7dc7d2
12 0 18200001 18400000 #7dc7d2
12 0 18400001 18600000 #bce2ca
12 0 18600001 18800000 #bce2ca
12 0 18800001 19000000 #7dc7d2
12 0 19000001 19200000 #7dc7d2
12 0 19200001 19400000 #7AA1D2
12 0 19400001 19600000 #7AA1D2
12 0 19600001 19800000 #f4a769
12 0 19800001 20000000 #7dc7d2
12 0 20000001 20200000 #7dc7d2
12 0 20200001 20400000 #7AA1D2
12 0 20400001 20600000 #7AA1D2
12 0 20600001 20800000 #7AA1D2
12 0 20800001 21000000 #7AA1D2
12 0 21000001 21200000 #7AA1D2
12 0 21200001 21400000 #7AA1D2
12 0 21400001 21600000 #7AA1D2
12 0 21600001 21800000 #7AA1D2
12 0 21800001 22000000 #7AA1D2
12 0 22000001 22200000 #7AA1D2
12 0 22200001 22400000 #7AA1D2
12 0 22400001 22600000 #d5e1b5
12 0 22600001 22800000 #7AA1D2
12 0 22800001 23000000 #bce2ca
12 0 23000001 23200000 #d5e1b5
12 0 23200001 23400000 #7dc7d2
12 0 23400001 23600000 #7AA1D2
12 0 23600001 23800000 #7AA1D2
12 0 23800001 24000000 #7AA1D2
12 0 24000001 24200000 #7AA1D2
12 0 24200001 24400000 #7AA1D2
12 0 24400001 24600000 #7dc7d2
12 0 24600001 24800000 #7AA1D2
12 0 24800001 25000000 #7AA1D2
12 0 25000001 25200000 #7AA1D2
12 0 25200001 25400000 #7AA1D2
12 0 25400001 25600000 #7AA1D2
12 0 25600001 25800000 #7AA1D2
12 0 25800001 26000000 #7AA1D2
12 0 26000001 26200000 #7AA1D2
12 0 26200001 26400000 #7AA1D2
12 0 26400001 26600000 #7dc7d2
12 0 26600001 26800000 #7AA1D2
12 0 26800001 27000000 #7AA1D2
12 0 27000001 27200000 #bce2ca
12 0 27200001 27400000 #7dc7d2
12 0 27400001 27531856 #7AA1D2